1 1 2 3 4 4 0 3 3 6 6 6 24 16 18 11 11 11 1.0593 1 0 0 1 0
2 1 1 3 4 4 1 17 2 6 6 6 16 24 16 11 11 11 59.75209 0 0 0 0 0
2 1 1 3 4 4 1 17 2 6 6 6 16 24 16 11 11 11 351.97414 0 0 0 0 0
2 2 2 3 4 4 2 3 2 6 6 6 16 16 16 11 11 11 240.57153 0 0 0 0 1
1 0 0 4 1 1 14 1 1 17 0 0 0 0 0 13 0 0 2.35212 1 0 0 0 1
1 2 1 2 3 3 1 6 2 6 6 6 16 24 16 13 13 13 243.77854 0 0 0 0 1
1 2 1 2 3 3 2 2 3 6 6 6 16 17 16 13 13 13 837.07869 0 0 0 0 0
1 0 0 3 1 1 5 1 1 6 0 0 24 0 0 11 0 0 1.92053 1 0 0 1 0
1 2 1 3 4 4 1 4 0 6 6 6 16 24 24 11 11 11 1.04372 1 0 0 0 0
2 0 0 3 1 1 1 1 1 6 0 0 16 0 0 11 0 0 1329.95602 0 0 0 0 0
1 2 1 2 3 3 1 6 2 6 6 6 16 24 16 11 11 11 240.66008 0 0 0 0 0
2 2 1 2 3 3 1 2 3 6 6 6 17 17 16 11 11 13 150.99928 0 0 0 0 0
1 2 1 2 3 3 1 6 2 6 6 6 16 24 16 13 13 13 244.86254 0 0 0 0 0
1 2 1 2 3 3 2 2 3 6 6 6 16 17 16 13 13 13 1431.68653 0 0 0 0 1
1 0 0 3 1 1 5 1 1 6 0 0 24 0 0 11 0 0 1.81269 1 0 0 1 0
1 2 2 3 4 4 1 4 2 6 6 6 16 24 16 11 11 11 870.80502 0 0 0 0 0
1 0 0 3 1 1 33 1 1 6 0 0 24 0 0 11 0 0 1.92401 1 0 0 1 1
2 1 0 3 4 1 2 17 1 6 6 0 16 24 0 11 11 0 51.032 0 0 0 0 1
1 2 1 2 3 3 1 6 2 6 6 6 16 24 16 13 13 13 5.1374 0 0 0 0 1
1 2 1 2 3 3 1 6 2 6 6 6 16 24 16 13 13 13 56029.52107 0 0 0 0 1
2 2 1 3 4 4 2 2 0 6 6 6 16 16 24 11 11 11 1679.34406 0 0 0 0 0
1 0 0 3 1 1 5 1 1 6 0 0 24 0 0 11 0 0 1.09685 1 0 0 1 1
2 2 1 3 4 4 1 3 2 6 6 6 16 16 16 11 11 11 1680.07878 0 0 0 0 0
1 1 0 3 4 1 5 4 1 6 6 0 24 24 0 11 11 0 1.82154 1 0 0 1 1
1 2 2 3 4 4 1 4 3 6 6 6 16 24 16 11 11 11 1680.64142 0 0 0 0 0
1 0 0 3 1 1 5 1 1 6 0 0 24 0 0 11 0 0 1.9982 1 0 0 1 1
2 1 2 3 4 4 2 2 7 6 6 6 16 16 24 11 11 11 1680.03872 0 0 0 0 0
1 0 0 3 1 1 5 1 1 6 0 0 24 0 0 11 0 0 2.13551 1 0 0 1 1
1 2 2 3 4 4 1 4 2 6 6 6 16 24 16 11 11 11 109.9814 0 0 0 0 0
1 0 0 3 1 1 33 1 1 6 0 0 24 0 0 11 0 0 1.87644 1 0 0 1 0
1 0 0 3 1 1 33 1 1 6 0 0 24 0 0 11 0 0 3.75792 0 0 0 1 1
1 0 0 3 1 1 33 1 1 6 0 0 24 0 0 11 0 0 8.38391 0 0 0 1 1
2 2 2 3 4 4 2 3 2 6 6 6 16 16 16 11 11 11 493.72832 0 0 0 0 0
1 0 0 3 1 1 33 1 1 6 0 0 24 0 0 11 0 0 7.51204 0 0 0 1 1
1 1 0 4 4 1 0 17 1 17 6 0 0 24 0 5 11 0 3.06579 0 0 0 0 1
1 1 0 4 7 1 3 0 1 17 17 0 0 0 0 5 5 0 21.44785 0 0 0 0 1
1 1 1 4 7 7 0 8 16 17 17 17 0 0 0 5 5 5 2.18509 1 0 0 0 1
1 2 2 1 2 2 1 2 2 6 6 6 16 17 16 5 5 5 5.14825 0 0 0 0 1
1 1 1 1 2 2 0 2 16 6 6 6 25 17 24 5 5 5 7.34006 0 0 0 0 1
1 0 0 1 1 1 0 1 1 6 0 0 25 0 0 5 0 0 6.28476 0 0 0 0 1
2 1 0 1 2 1 1 0 1 6 6 0 4 25 0 5 5 0 214.34799 0 0 0 0 1
1 2 2 1 2 2 2 2 2 6 6 6 16 17 17 8 8 8 780.59431 0 0 0 0 1
1 0 0 3 1 1 5 1 1 6 0 0 24 0 0 11 0 0 2.68959 0 0 0 1 0
2 1 2 3 4 4 1 2 7 6 6 6 16 16 24 11 11 11 983.86713 0 0 0 0 0
1 0 0 3 1 1 33 1 1 6 0 0 24 0 0 11 0 0 3.94439 0 0 0 1 0
2 2 0 3 4 1 2 2 1 6 6 0 16 16 0 11 11 0 690.80872 0 0 0 0 0
1 0 0 3 1 1 5 1 1 6 0 0 24 0 0 11 0 0 2.79478 0 0 0 1 0
2 1 2 3 4 4 1 2 7 6 6 6 16 16 24 11 11 11 1679.80613 0 0 0 0 0
1 0 0 3 1 1 5 1 1 6 0 0 24 0 0 11 0 0 2.69331 0 0 0 1 0
1 2 2 3 4 4 1 4 2 6 6 6 16 24 16 11 11 11 1680.0535 0 0 0 0 0
1 0 0 3 1 1 5 1 1 6 0 0 24 0 0 11 0 0 2.66152 0 0 0 1 0
1 2 0 3 4 1 1 4 1 6 6 0 16 24 0 11 11 0 42.25697 0 0 0 0 0
1 0 0 3 1 1 33 1 1 6 0 0 24 0 0 11 0 0 6.51636 0 0 0 1 1
1 0 0 3 1 1 33 1 1 6 0 0 24 0 0 11 0 0 13.03886 0 0 0 1 1
1 0 0 3 1 1 33 1 1 6 0 0 24 0 0 11 0 0 2.92155 1 0 0 1 1
2 2 0 3 4 1 2 3 1 6 6 0 16 16 0 11 11 0 35.6253 0 0 0 0 1
2 1 1 1 7 2 1 39 0 6 17 6 16 0 24 5 11 5 2.68227 1 0 0 0 1
2 1 2 2 3 3 1 2 2 6 6 6 16 16 17 11 11 11 1.7637 1 0 0 0 1
1 1 1 4 7 7 14 0 16 17 17 17 0 0 0 11 5 5 2.68607 1 0 0 0 1
1 0 0 1 1 1 0 1 1 6 0 0 24 0 0 5 0 0 1.57323 1 0 0 1 1
1 2 2 1 2 2 1 0 2 6 6 6 16 24 16 5 5 5 6.89367 0 0 0 0 1
1 2 2 1 2 2 1 2 2 6 6 6 16 17 16 5 5 5 212.20142 0 0 0 0 1
2 1 0 3 4 1 1 17 1 6 6 0 16 24 0 11 11 0 119.21003 0 0 0 0 1
2 2 2 2 3 3 1 2 2 6 6 6 16 16 16 11 11 11 2.71838 1 0 0 0 1
2 1 2 2 3 3 1 2 2 6 6 6 16 16 17 11 11 11 45.3248 0 0 0 0 1
1 0 0 4 1 1 0 1 1 17 0 0 0 0 0 32 0 0 4.27805 0 0 0 0 1
1 2 0 6 7 1 0 0 1 1 17 0 0 0 0 65532 32 0 362.87209 0 0 0 0 1
1 0 0 3 1 1 33 1 1 6 0 0 24 0 0 11 0 0 7.73371 0 0 0 1 1
1 0 0 3 1 1 33 1 1 6 0 0 24 0 0 11 0 0 11.04908 0 0 0 1 1
2 1 0 3 4 1 2 17 1 6 6 0 16 24 0 11 11 0 768.69382 0 0 0 0 1
1 0 0 3 1 1 5 1 1 6 0 0 24 0 0 11 0 0 5.08534 0 0 0 1 0
2 1 2 3 4 4 1 2 7 6 6 6 16 16 24 11 11 11 1679.90431 0 0 0 0 0
1 0 0 3 1 1 5 1 1 6 0 0 24 0 0 11 0 0 2.79332 0 0 0 1 0
1 2 2 3 4 4 1 4 2 6 6 6 16 24 16 11 11 11 223.39282 0 0 0 0 0
1 0 0 3 1 1 33 1 1 6 0 0 24 0 0 11 0 0 8.66331 0 0 0 1 1
1 0 0 3 1 1 33 1 1 6 0 0 24 0 0 11 0 0 18861.69673 0 0 0 1 1
1 1 0 3 4 1 2 3 1 6 6 0 2 2 0 11 11 0 1.69968 1 1 0 0 1
2 1 2 3 4 4 1 17 0 6 6 6 16 24 24 11 11 11 1679.81217 0 0 0 0 1
2 1 2 3 4 4 1 2 7 6 6 6 16 16 24 11 11 11 1677.9053 0 0 0 0 1
1 1 0 3 4 1 5 4 1 6 6 0 24 24 0 11 11 0 2.65691 1 0 0 1 1
2 0 0 3 1 1 1 1 1 6 0 0 16 0 0 11 0 0 1679.57278 0 0 0 0 1
2 1 1 3 4 4 2 4 7 6 6 6 16 24 24 11 11 11 1680.05396 0 0 0 0 1
1 0 0 3 1 1 5 1 1 6 0 0 24 0 0 11 0 0 2.78551 1 0 0 1 1
2 0 0 3 1 1 5 1 1 6 0 0 24 0 0 11 0 0 1680.1033 0 0 0 1 1
1 0 0 3 1 1 5 1 1 6 0 0 24 0 0 11 0 0 2.89671 1 0 0 1 1
2 0 0 3 1 1 5 1 1 6 0 0 24 0 0 11 0 0 1680.26853 0 0 0 1 1
1 0 0 3 1 1 5 1 1 6 0 0 24 0 0 11 0 0 2.73147 0 0 0 1 0
2 0 0 3 1 1 5 1 1 6 0 0 24 0 0 11 0 0 1680.17069 0 0 0 1 0
1 0 0 3 1 1 5 1 1 6 0 0 24 0 0 11 0 0 2.82931 0 0 0 1 0
2 0 0 3 1 1 5 1 1 6 0 0 24 0 0 11 0 0 1680.09722 0 0 0 1 0
1 0 0 3 1 1 5 1 1 6 0 0 24 0 0 11 0 0 2.40278 1 0 0 1 0
2 0 0 3 1 1 5 1 1 6 0 0 24 0 0 11 0 0 1680.75855 0 0 0 1 0
1 0 0 3 1 1 5 1 1 6 0 0 24 0 0 11 0 0 2.74146 0 0 0 1 0
2 0 0 3 1 1 5 1 1 6 0 0 24 0 0 11 0 0 1680.07286 0 0 0 1 0
1 0 0 3 1 1 5 1 1 6 0 0 24 0 0 11 0 0 1.92714 1 0 0 1 0
2 0 0 3 1 1 5 1 1 6 0 0 24 0 0 11 0 0 1681.10147 0 0 0 1 0
1 0 0 3 1 1 5 1 1 6 0 0 24 0 0 11 0 0 2.61509 0 0 0 1 0
2 0 0 3 1 1 5 1 1 6 0 0 24 0 0 11 0 0 1680.38476 0 0 0 1 0
1 0 0 3 1 1 5 1 1 6 0 0 24 0 0 11 0 0 2.89868 0 0 0 1 0
2 0 0 3 1 1 5 1 1 6 0 0 24 0 0 11 0 0 1680.08151 0 0 0 1 0
1 0 0 3 1 1 5 1 1 6 0 0 24 0 0 11 0 0 1.91849 1 0 0 1 0
2 0 0 3 1 1 5 1 1 6 0 0 24 0 0 11 0 0 1681.48175 0 0 0 1 0
1 0 0 3 1 1 5 1 1 6 0 0 24 0 0 11 0 0 2.51825 0 0 0 1 0
2 0 0 3 1 1 5 1 1 6 0 0 24 0 0 11 0 0 1680.16051 0 0 0 1 0
1 0 0 3 1 1 5 1 1 6 0 0 24 0 0 11 0 0 2.83951 0 0 0 1 1
2 0 0 3 1 1 5 1 1 6 0 0 24 0 0 11 0 0 1680.08262 0 0 0 1 0
1 0 0 3 1 1 5 1 1 6 0 0 24 0 0 11 0 0 2.91736 0 0 0 1 1
2 0 0 3 1 1 5 1 1 6 0 0 24 0 0 11 0 0 1680.0733 0 0 0 1 0
1 0 0 3 1 1 5 1 1 6 0 0 24 0 0 11 0 0 3.13281 0 0 0 1 1
2 0 0 3 1 1 5 1 1 6 0 0 24 0 0 11 0 0 1680.87637 0 0 0 1 0
1 0 0 3 1 1 5 1 1 6 0 0 24 0 0 11 0 0 2.91752 0 0 0 1 1
2 0 0 3 1 1 5 1 1 6 0 0 24 0 0 11 0 0 3363.06591 0 0 0 1 0
1 0 0 3 1 1 5 1 1 6 0 0 24 0 0 11 0 0 2.32445 1 0 0 1 1
2 0 0 3 1 1 5 1 1 6 0 0 24 0 0 11 0 0 1680.06128 0 0 0 1 0
1 0 0 3 1 1 5 1 1 6 0 0 24 0 0 11 0 0 2.54836 0 0 0 1 1
2 0 0 3 1 1 5 1 1 6 0 0 24 0 0 11 0 0 1681.15122 0 0 0 1 0
1 0 0 3 1 1 5 1 1 6 0 0 24 0 0 11 0 0 2.34878 1 0 0 1 1
2 0 0 3 1 1 5 1 1 6 0 0 24 0 0 11 0 0 240.40199 0 0 0 1 0
1 1 0 4 4 1 7 4 1 17 6 0 0 24 0 11 11 0 1.89143 1 0 0 0 0
2 1 1 3 4 4 1 17 2 6 6 6 16 24 16 11 11 11 1679.87981 0 0 0 0 0
1 1 0 3 4 1 5 4 1 6 6 0 24 24 0 11 11 0 1.32113 1 0 0 1 0
2 0 0 3 1 1 1 1 1 6 0 0 16 0 0 11 0 0 118.49195 0 0 0 0 0
2 1 1 3 4 4 1 17 2 6 6 6 16 24 16 11 11 11 1679.76786 0 0 0 0 0
1 1 0 3 4 1 5 4 1 6 6 0 24 24 0 11 11 0 1.53194 1 0 0 1 1
2 2 2 3 4 4 1 4 3 6 6 6 16 24 16 11 11 11 1679.90705 0 0 0 0 0
1 1 0 3 4 1 5 4 1 6 6 0 24 24 0 11 11 0 1.83661 1 0 0 1 0
2 0 0 3 1 1 1 1 1 6 0 0 16 0 0 11 0 0 1681.07721 0 0 0 0 0
1 0 0 3 1 1 5 1 1 6 0 0 24 0 0 11 0 0 1.08559 1 0 0 1 1
1 0 0 3 1 1 5 1 1 6 0 0 24 0 0 11 0 0 1.2308 1 0 0 1 0
2 2 1 3 4 4 5 3 7 6 6 6 24 16 24 11 11 11 1680.00569 0 0 0 1 0
1 0 0 3 1 1 5 1 1 6 0 0 24 0 0 11 0 0 2.60021 0 0 0 1 1
2 0 0 3 1 1 5 1 1 6 0 0 24 0 0 11 0 0 1679.13067 0 0 0 1 0
1 0 0 3 1 1 5 1 1 6 0 0 24 0 0 11 0 0 1.19961 1 0 0 1 1
2 1 1 3 4 4 2 4 7 6 6 6 16 24 24 11 11 11 1680.02447 0 0 0 0 0
1 0 0 3 1 1 5 1 1 6 0 0 24 0 0 11 0 0 1.92131 1 0 0 1 1
2 0 0 3 1 1 5 1 1 6 0 0 24 0 0 11 0 0 1370.46236 0 0 0 1 0
1 0 0 3 1 1 33 1 1 6 0 0 24 0 0 11 0 0 1.79422 1 0 0 1 0
2 1 0 3 4 1 2 17 1 6 6 0 16 24 0 11 11 0 361.0907 0 0 0 0 1
1 1 0 3 4 1 2 3 1 6 6 0 2 2 0 11 11 0 2.00056 1 1 0 0 1
1 0 0 3 1 1 2 1 1 6 0 0 2 0 0 11 0 0 3.99996 0 1 0 0 0
1 0 0 3 1 1 2 1 1 6 0 0 2 0 0 11 0 0 60.1482 0 1 0 0 0
1 1 0 3 4 1 2 3 1 6 6 0 2 2 0 11 11 0 2.00028 1 1 0 0 0
1 0 0 3 1 1 2 1 1 6 0 0 2 0 0 11 0 0 4.00013 0 1 0 0 0
1 0 0 3 1 1 2 1 1 6 0 0 2 0 0 11 0 0 114.48473 0 1 0 0 0
1 1 0 3 4 1 2 3 1 6 6 0 2 2 0 11 11 0 1.99975 1 1 0 0 1
1 0 0 3 1 1 2 1 1 6 0 0 2 0 0 11 0 0 4.00015 0 1 0 0 0
1 0 0 3 1 1 2 1 1 6 0 0 2 0 0 11 0 0 223.05122 0 1 0 0 0
1 1 1 0 4 0 2 3 3 6 6 6 2 2 2 2 11 2 1.99995 1 1 0 0 1
1 0 0 0 1 1 2 1 1 6 0 0 2 0 0 2 0 0 1.5077 1 1 0 0 1
1 0 0 3 1 1 2 1 1 6 0 0 2 0 0 11 0 0 2.49225 1 1 0 0 0
1 0 0 0 1 1 2 1 1 6 0 0 2 0 0 2 0 0 66.95164 0 1 0 0 0
1 0 0 4 1 1 0 1 1 17 0 0 0 0 0 123 0 0 1.8864 1 0 0 0 1
1 2 2 1 2 2 1 2 2 6 6 6 16 17 16 123 123 123 2.7464 1 0 0 0 1
2 2 1 1 2 2 1 2 2 6 6 6 17 16 17 123 123 123 4.43963 0 0 0 0 1
2 0 0 1 1 1 1 1 1 6 0 0 17 0 0 123 0 0 36.20792 0 0 0 0 1
2 1 0 3 4 1 4 3 1 6 6 0 20 2 0 65535 65535 0 105566.57715 0 0 0 0 0
1 1 1 2 4 3 2 3 3 6 6 6 2 2 2 25 11 25 253.4104 0 1 0 0 1
2 1 1 3 4 4 1 0 2 6 6 6 16 24 16 11 11 11 4.86253 0 0 0 0 1
1 2 2 3 4 4 1 7 2 6 6 6 16 24 16 11 11 11 92.96735 0 0 0 0 1
1 1 1 1 2 2 0 0 2 6 6 6 24 24 16 95 95 95 1.9977 1 0 0 1 1
2 2 2 1 2 2 1 2 2 6 6 6 20 20 20 95 95 95 68.46162 0 0 0 0 1
1 1 0 4 7 1 6 13 1 17 17 0 0 0 0 30 30 0 4.94621 0 0 0 0 1
1 1 0 4 7 1 6 13 1 17 17 0 0 0 0 30 30 0 1.62476 1 0 0 0 1
1 1 0 1 2 1 2 3 1 6 6 0 2 2 0 123 123 0 1.99998 1 1 0 0 1
1 1 1 4 7 2 6 13 3 17 17 6 0 0 2 30 30 123 3.62043 0 0 0 0 1
1 1 1 4 7 2 6 13 3 17 17 6 0 0 2 30 30 123 1.78281 1 0 0 0 1
1 1 0 1 2 1 2 3 1 6 6 0 2 2 0 123 123 0 1.99994 1 1 0 0 1
1 1 1 4 7 2 6 13 3 17 17 6 0 0 2 30 30 123 3.77904 0 0 0 0 1
1 1 1 4 7 2 6 13 3 17 17 6 0 0 2 30 30 123 5.01349 0 0 0 0 1
1 1 0 4 7 1 6 13 1 17 17 0 0 0 0 30 30 0 5.04168 0 0 0 0 1
1 1 0 4 7 1 6 13 1 17 17 0 0 0 0 30 30 0 1123.66249 0 0 0 0 1
1 2 1 1 2 2 1 18 2 6 6 6 16 16 16 382 382 382 2.15259 1 0 0 0 1
1 2 1 3 4 4 5 2 0 6 6 6 24 16 24 11 11 11 1.60273 1 0 0 1 0
1 0 0 3 1 1 5 1 1 6 0 0 24 0 0 11 0 0 1.64491 1 0 0 1 1
1 1 2 3 4 4 0 2 7 6 6 6 24 16 24 11 11 11 3.20937 0 0 0 1 1
1 0 0 3 1 1 0 1 1 6 0 0 24 0 0 11 0 0 89.70714 0 0 0 1 1
1 0 0 4 1 1 14 1 1 17 0 0 0 0 0 11 0 0 1.91953 1 0 0 0 1
1 2 1 1 2 3 1 18 3 6 6 6 16 16 16 382 382 11 9.46859 0 0 0 0 1
1 1 0 3 4 1 2 3 1 6 6 0 2 2 0 11 11 0 2.0 1 1 0 0 1
1 0 0 3 1 1 2 1 1 6 0 0 2 0 0 11 0 0 3.3988 0 1 0 0 1
1 1 1 3 7 7 2 39 0 6 17 17 2 0 0 11 13 13 3.77258 0 1 0 0 1
1 1 1 3 7 3 2 39 3 6 17 6 2 0 17 11 13 11 3.40667 0 1 0 0 1
1 1 1 1 3 2 1 3 2 6 6 6 17 17 17 382 11 382 4632.95825 0 0 0 0 1
1 1 0 3 4 1 2 3 1 6 6 0 2 2 0 11 11 0 1.64671 1 1 0 0 1
2 1 1 3 4 4 1 0 2 6 6 6 16 24 16 11 11 11 4.30035 0 0 0 0 1
1 2 1 3 4 4 1 0 2 6 6 6 16 24 16 11 11 11 92.41109 0 0 0 0 1
1 1 0 3 4 1 2 3 1 6 6 0 2 2 0 11 11 0 1.9998 1 1 0 0 1
1 0 0 3 1 1 2 1 1 6 0 0 2 0 0 11 0 0 30.90259 0 1 0 0 1
1 2 1 3 4 4 1 11 2 6 6 6 16 24 16 11 11 11 3.60868 0 0 0 0 1
1 2 0 3 4 1 1 41 1 6 6 0 16 24 0 11 11 0 1.91945 1 0 0 0 1
1 2 1 3 4 4 1 0 3 6 6 6 16 24 16 11 11 11 3.00462 0 0 0 0 1
1 2 2 3 4 4 1 41 2 6 6 6 16 24 16 11 11 11 4.09165 0 0 0 0 0
1 2 0 3 4 1 1 0 1 6 6 0 16 24 0 11 11 0 6.23272 0 0 0 0 1
1 2 1 3 4 4 2 0 3 6 6 6 16 24 16 11 11 11 6.10165 0 0 0 0 0
1 2 0 3 4 1 2 0 1 6 6 0 16 24 0 11 11 0 4.92578 0 0 0 0 0
1 2 1 3 4 4 2 41 2 6 6 6 16 24 16 11 11 11 2.5491 1 0 0 0 1
1 2 1 3 4 4 1 41 2 6 6 6 16 24 16 11 11 11 3.75407 0 0 0 0 1
1 2 0 3 4 1 1 0 1 6 6 0 16 24 0 11 11 0 1.61418 1 0 0 0 1
1 1 2 1 2 2 1 2 0 6 6 6 17 16 24 123 123 123 1.68517 1 0 0 0 1
1 2 2 1 2 2 1 2 2 6 6 6 16 17 16 123 123 123 52.57562 0 0 0 0 1
1 2 1 3 4 2 1 11 2 6 6 6 16 24 16 11 11 32 9.74647 0 0 0 0 1
1 2 1 3 4 4 1 0 2 6 6 6 16 24 16 11 11 11 902.32389 0 0 0 0 1
1 1 0 3 4 1 2 3 1 6 6 0 2 2 0 11 11 0 1.99985 1 1 0 0 1
1 0 0 3 1 1 2 1 1 6 0 0 2 0 0 11 0 0 3.03554 0 1 0 0 1
1 1 2 3 4 4 0 2 3 6 6 6 24 16 18 11 11 11 3.99807 0 0 0 1 1
1 0 0 3 1 1 0 1 1 6 0 0 24 0 0 11 0 0 4.59006 0 0 0 1 1
2 1 1 3 4 4 1 0 2 6 6 6 16 24 16 11 11 11 2.73521 1 0 0 0 1
1 2 1 3 4 4 1 0 2 6 6 6 16 24 16 11 11 11 65.50428 0 0 0 0 1
1 1 1 3 4 4 0 0 2 6 6 6 24 24 16 11 11 11 2.00001 1 0 0 1 1
1 0 0 3 1 1 0 1 1 6 0 0 24 0 0 11 0 0 3.35927 0 0 0 1 1
1 2 1 3 4 4 0 3 2 6 6 6 24 16 16 11 11 11 1.00078 1 0 0 1 0
2 1 1 0 4 4 1 7 2 6 6 6 16 24 16 101 11 11 3.22135 0 0 0 0 0
1 2 1 3 4 4 2 22 2 6 6 6 16 24 16 11 11 11 1.5695 1 0 0 0 1
1 2 1 3 4 4 2 0 2 6 6 6 16 24 16 11 11 11 458.93055 0 0 0 0 1
1 1 0 3 4 1 2 3 1 6 6 0 2 2 0 11 11 0 2.00059 1 1 0 0 1
1 0 0 3 1 1 2 1 1 6 0 0 2 0 0 11 0 0 3.9996 0 1 0 0 1
1 0 0 3 1 1 2 1 1 6 0 0 2 0 0 11 0 0 9.61663 0 1 0 0 1
1 0 0 4 1 1 0 1 1 17 0 0 0 0 0 123 0 0 5.13727 0 0 0 0 1
1 2 1 3 4 4 1 3 2 6 6 6 4 18 4 11 11 11 2.43954 1 0 0 0 0
2 1 2 4 4 4 0 2 3 17 6 6 0 4 18 123 11 11 2.57328 0 0 0 0 0
1 1 1 1 2 7 2 3 16 6 6 17 2 2 0 123 123 123 1.00103 1 1 0 0 0
1 1 1 1 2 2 0 0 2 6 6 6 24 24 16 123 123 123 1.99717 1 0 0 1 0
1 0 0 1 1 1 0 1 1 6 0 0 24 0 0 123 0 0 4.00041 0 0 0 1 0
1 0 0 1 1 1 0 1 1 6 0 0 24 0 0 123 0 0 1.24108 1 0 0 1 0
1 1 1 1 2 2 0 0 0 6 6 6 24 24 24 123 123 123 1.17537 1 0 0 1 0
1 1 2 1 2 2 1 2 0 6 6 6 17 16 24 123 123 123 1.99705 1 0 0 0 0
1 0 0 1 1 1 1 1 1 6 0 0 17 0 0 123 0 0 1.34018 1 0 0 0 0
1 2 1 1 2 2 1 2 2 6 6 6 16 16 16 123 123 123 2.65948 0 0 0 0 0
1 0 0 1 1 1 1 1 1 6 0 0 17 0 0 123 0 0 7.99983 0 0 0 0 0
1 0 0 1 1 1 1 1 1 6 0 0 17 0 0 123 0 0 5.47018 0 0 0 0 0
1 1 0 3 4 1 2 3 1 6 6 0 2 2 0 11 11 0 1.99962 1 1 0 0 0
1 0 0 3 1 1 2 1 1 6 0 0 2 0 0 11 0 0 4.00019 0 1 0 0 0
1 0 0 3 1 1 2 1 1 6 0 0 2 0 0 11 0 0 3.53166 0 1 0 0 0
1 0 0 1 1 1 1 1 1 6 0 0 17 0 0 123 0 0 19.97804 0 0 0 0 0
2 2 2 3 4 4 1 2 2 6 6 6 4 4 4 11 11 11 47.11003 0 0 0 0 1
1 1 0 1 2 1 2 3 1 6 6 0 2 2 0 123 123 0 1.99995 1 1 0 0 1
1 0 0 1 1 1 2 1 1 6 0 0 2 0 0 123 0 0 2.68617 1 1 0 0 1
1 2 1 1 2 2 0 2 0 6 6 6 24 16 24 123 123 123 1.52347 1 0 0 1 1
1 0 0 1 1 1 0 1 1 6 0 0 24 0 0 123 0 0 2.73095 1 0 0 1 1
1 2 2 1 2 2 1 2 2 6 6 6 16 17 16 123 123 123 12.5235 0 0 0 0 1
1 1 2 3 4 4 0 2 7 6 6 6 24 16 24 11 11 11 1.2066 1 0 0 1 0
1 2 1 3 4 4 1 11 2 6 6 6 16 24 16 11 11 11 5.00481 0 0 0 0 0
1 2 1 3 4 4 1 24 3 6 6 6 16 16 16 11 11 11 1.79837 1 0 0 0 0
1 2 1 3 4 4 2 7 2 6 6 6 16 24 16 11 11 11 1.01994 1 0 0 0 0
2 1 1 3 4 4 1 17 2 6 6 6 16 24 16 11 11 11 16.91425 0 0 0 0 0
1 2 1 3 4 4 1 0 2 6 6 6 16 24 16 11 11 11 4.00025 0 0 0 0 1
1 2 2 1 2 2 1 2 2 6 6 6 16 17 16 123 123 123 1.85243 1 0 0 0 1
1 2 1 3 4 4 1 0 2 6 6 6 16 24 16 11 11 11 135.32933 0 0 0 0 1
1 0 0 4 1 1 7 1 1 17 0 0 0 0 0 11 0 0 5.03326 0 0 0 0 1
1 0 0 4 1 1 7 1 1 17 0 0 0 0 0 11 0 0 5.02384 0 0 0 0 1
1 0 0 4 1 1 7 1 1 17 0 0 0 0 0 11 0 0 5.02154 0 0 0 0 1
1 0 0 4 1 1 7 1 1 17 0 0 0 0 0 11 0 0 5.02546 0 0 0 0 1
1 0 0 4 1 1 7 1 1 17 0 0 0 0 0 11 0 0 4.23564 0 0 0 0 1
1 1 0 4 7 1 7 0 1 17 17 0 0 0 0 11 11 0 4.21511 0 0 0 0 1
1 0 0 4 1 1 0 1 1 17 0 0 0 0 0 11 0 0 5.00612 0 0 0 0 1
1 0 0 4 1 1 0 1 1 17 0 0 0 0 0 11 0 0 3.93767 0 0 0 0 0
1 1 0 4 7 1 0 39 1 17 17 0 0 0 0 11 11 0 3.93474 0 0 0 0 1
1 1 0 4 7 1 0 39 1 17 17 0 0 0 0 11 11 0 3.93326 0 0 0 0 1
1 1 0 4 7 1 0 39 1 17 17 0 0 0 0 11 11 0 3.92237 0 0 0 0 1
1 1 0 4 7 1 0 39 1 17 17 0 0 0 0 11 11 0 3.92671 0 0 0 0 1
1 1 0 4 7 1 0 39 1 17 17 0 0 0 0 11 11 0 3.91012 0 0 0 0 1
1 0 0 4 1 1 14 1 1 17 0 0 0 0 0 11 0 0 2.58139 1 0 0 0 1
1 0 0 4 1 1 15 1 1 17 0 0 0 0 0 11 0 0 2.42409 1 0 0 0 1
1 1 0 4 7 1 7 39 1 17 17 0 0 0 0 11 11 0 2.12619 1 0 0 0 1
1 1 0 4 7 1 0 37 1 17 17 0 0 0 0 11 11 0 1.50097 1 0 0 0 1
1 1 0 4 7 1 7 39 1 17 17 0 0 0 0 11 11 0 2.11354 1 0 0 0 1
1 1 1 4 7 7 0 0 0 17 17 17 0 0 0 11 11 11 2.01509 1 0 0 0 1
1 0 0 4 1 1 7 1 1 17 0 0 0 0 0 11 0 0 2.00098 1 0 0 0 1
1 1 1 4 7 7 0 0 0 17 17 17 0 0 0 11 11 11 2.03692 1 0 0 0 1
1 0 0 4 1 1 7 1 1 17 0 0 0 0 0 11 0 0 1.97822 1 0 0 0 1
1 1 1 4 7 7 0 0 0 17 17 17 0 0 0 11 11 11 2.01985 1 0 0 0 1
1 1 1 4 7 7 0 0 0 17 17 17 0 0 0 11 11 11 2.02737 1 0 0 0 1
1 1 1 4 7 7 0 0 0 17 17 17 0 0 0 11 11 11 2.09916 1 0 0 0 1
1 1 1 4 7 7 0 0 0 17 17 17 0 0 0 11 11 11 2.11719 1 0 0 0 1
1 1 0 4 7 1 0 0 1 17 17 0 0 0 0 11 11 0 2.16161 1 0 0 0 1
1 1 0 4 7 1 0 0 1 17 17 0 0 0 0 11 11 0 2.80688 1 0 0 0 1
1 0 0 4 1 1 0 1 1 17 0 0 0 0 0 11 0 0 2.19317 1 0 0 0 1
1 0 0 4 1 1 0 1 1 17 0 0 0 0 0 11 0 0 2.81071 1 0 0 0 1
1 1 1 4 7 7 0 6 0 17 17 17 0 0 0 11 11 11 1.70094 1 0 0 0 1
1 1 1 4 7 7 0 6 0 17 17 17 0 0 0 11 11 11 1.70748 1 0 0 0 1
1 1 1 4 7 7 15 13 0 17 17 17 0 0 0 11 11 11 2.05904 1 0 0 0 1
1 0 0 4 1 1 0 1 1 17 0 0 0 0 0 11 0 0 1.69571 1 0 0 0 1
1 1 1 4 7 7 15 13 0 17 17 17 0 0 0 11 11 11 1.95572 1 0 0 0 1
1 0 0 4 1 1 0 1 1 17 0 0 0 0 0 11 0 0 1.67863 1 0 0 0 1
1 1 1 4 7 7 15 13 0 17 17 17 0 0 0 11 11 11 1.92763 1 0 0 0 1
1 0 0 4 1 1 0 1 1 17 0 0 0 0 0 11 0 0 33.75529 0 0 0 0 1
1 0 0 4 1 1 0 1 1 17 0 0 0 0 0 82 0 0 77.73383 0 0 0 0 1
1 2 1 1 2 2 1 0 2 6 6 6 16 24 16 382 382 382 2.53601 1 0 0 0 1
1 2 2 1 2 2 1 2 2 6 6 6 16 17 16 382 382 382 692.36454 0 0 0 0 1
1 1 0 3 4 1 2 3 1 6 6 0 2 2 0 11 11 0 1.83305 1 1 0 0 0
2 1 2 3 4 4 1 2 0 6 6 6 16 16 24 11 11 11 6.43148 0 0 0 0 0
1 2 1 3 4 4 2 0 3 6 6 6 16 24 16 11 11 11 23.43175 0 0 0 0 1
1 0 0 4 1 1 14 1 1 17 0 0 0 0 0 10 0 0 2.96785 1 0 0 0 1
2 2 1 1 2 2 1 2 0 6 6 6 16 16 24 10 10 10 3.2462 0 0 0 0 1
1 2 1 1 2 2 1 24 3 6 6 6 16 16 16 10 10 10 2.55817 1 0 0 0 1
1 2 1 1 2 2 1 0 2 6 6 6 16 24 16 10 10 10 1.57295 1 0 0 0 1
1 2 1 1 2 2 1 0 2 6 6 6 16 24 16 10 10 10 3.37646 0 0 0 0 1
1 2 1 1 2 2 1 0 2 6 6 6 16 24 16 10 10 10 3.39677 0 0 0 0 1
1 2 1 1 2 2 1 0 2 6 6 6 16 24 16 10 10 10 9.26232 0 0 0 0 1
2 1 1 1 2 2 1 2 2 6 6 6 16 17 16 12 12 12 5.76847 0 0 0 0 1
1 2 2 2 3 3 1 2 2 6 6 6 16 17 16 11 11 11 1.84056 1 0 0 0 1
1 2 2 1 2 2 1 2 2 6 6 6 16 17 16 123 123 123 58.67429 0 0 0 0 1
1 0 0 4 1 1 0 1 1 17 0 0 0 0 0 123 0 0 5.03482 0 0 0 0 1
1 0 0 4 1 1 0 1 1 17 0 0 0 0 0 123 0 0 5.02213 0 0 0 0 1
1 0 0 4 1 1 0 1 1 17 0 0 0 0 0 123 0 0 1.96126 1 0 0 0 1
1 2 2 1 2 2 1 2 2 6 6 6 16 17 16 123 123 123 33.43633 0 0 0 0 1
1 2 1 3 4 4 2 0 2 6 6 6 16 24 16 11 11 11 74.49954 0 0 0 0 1
1 2 0 3 4 1 1 0 1 6 6 0 16 24 0 11 11 0 40.49984 0 0 0 0 1
1 2 2 1 2 2 2 2 2 6 6 6 16 17 17 10 10 10 1.86978 1 0 0 0 1
1 2 0 2 3 1 1 2 1 6 6 0 16 17 0 10 10 0 124.59122 0 0 0 0 1
1 2 1 3 4 4 2 0 2 6 6 6 16 24 16 11 11 11 140.22255 0 0 0 0 1
2 1 1 3 4 4 1 0 3 6 6 6 16 24 16 11 11 11 46.91695 0 0 0 0 0
1 2 2 3 4 4 1 7 2 6 6 6 16 24 16 11 11 11 1587.8341 0 0 0 0 1
1 0 0 3 1 1 33 1 1 6 0 0 24 0 0 11 0 0 2.53218 1 0 0 1 0
1 2 2 1 2 2 1 2 2 6 6 6 16 17 16 123 123 123 6.02638 0 0 0 0 1
1 2 2 2 3 3 1 0 2 6 6 6 16 24 16 37 37 37 49.88286 0 0 0 0 1
2 1 1 3 4 4 1 41 2 6 6 6 16 24 16 11 11 11 34.10931 0 0 0 0 1
1 2 1 3 4 4 2 0 2 6 6 6 16 24 16 11 11 11 158.99963 0 0 0 0 1
1 2 1 2 3 3 2 2 3 6 6 6 16 17 16 37 37 37 8.9563 0 0 0 0 1
1 2 1 1 2 2 1 0 2 6 6 6 16 24 16 5 5 5 1.71813 1 0 0 0 1
1 2 2 1 2 2 1 0 2 6 6 6 16 24 16 5 5 5 3.49576 0 0 0 0 1
1 2 2 1 2 2 1 0 18 6 6 6 16 24 24 5 5 5 1.84593 1 0 0 0 1
1 2 2 1 2 2 1 0 18 6 6 6 16 24 16 5 5 5 2.22821 1 0 0 0 1
1 2 1 1 2 2 1 0 2 6 6 6 16 24 16 5 5 5 1.68133 1 0 0 0 1
1 2 2 1 2 2 1 2 2 6 6 6 16 17 16 123 5 5 1.599 1 0 0 0 1
2 2 1 1 2 4 1 2 2 6 6 6 4 4 16 5 5 11 2.65307 1 0 0 0 1
1 2 2 3 4 4 1 7 2 6 6 6 16 24 16 11 11 11 7.19203 0 0 0 0 1
2 1 1 3 4 4 1 0 2 6 6 6 16 24 16 11 11 11 8.41587 0 0 0 0 1
1 0 0 3 1 1 0 1 1 6 0 0 24 0 0 11 0 0 2.1507 1 0 0 1 1
1 0 0 3 1 1 0 1 1 6 0 0 24 0 0 11 0 0 4.30454 0 0 0 1 1
2 2 1 3 4 4 2 2 0 6 6 6 16 16 24 11 11 11 2.12432 1 0 0 0 1
2 0 0 3 1 1 2 1 1 6 0 0 16 0 0 11 0 0 19.76932 0 0 0 0 1
1 0 0 1 1 1 2 1 1 6 0 0 2 0 0 123 0 0 2.73145 1 1 0 0 1
1 2 2 1 2 2 1 2 2 6 6 6 16 17 16 123 123 123 139.96389 0 0 0 0 0
1 2 2 3 4 4 1 7 2 6 6 6 16 24 16 11 11 11 16.00955 0 0 0 0 1
1 2 0 3 4 1 1 0 1 6 6 0 16 24 0 11 11 0 147.72774 0 0 0 0 1
1 2 1 3 4 4 2 0 2 6 6 6 16 24 16 11 11 11 10620.29573 0 0 0 0 1
1 1 0 3 4 1 2 3 1 6 6 0 2 2 0 11 11 0 1.61541 1 1 0 0 0
2 1 2 3 4 4 1 2 0 6 6 6 16 16 24 11 11 11 22.96613 0 0 0 0 0
2 1 2 3 4 4 1 2 0 6 6 6 16 16 24 11 11 11 1187.23258 0 0 0 0 0
1 2 2 3 4 4 1 7 2 6 6 6 16 24 16 11 11 11 144.57578 0 0 0 0 1
1 2 1 3 4 4 2 0 3 6 6 6 16 24 16 11 11 11 976.29997 0 0 0 0 1
2 1 1 3 4 4 1 41 3 6 6 6 16 24 16 11 11 11 388.15762 0 0 0 0 1
1 2 2 3 4 4 1 7 2 6 6 6 16 24 16 11 11 11 100.45258 0 0 0 0 1
1 0 0 4 1 1 15 1 1 17 0 0 0 0 0 37 0 0 2.41283 1 0 0 0 0
1 2 2 2 3 3 1 0 2 6 6 6 16 24 16 37 37 37 242.43357 0 0 0 0 0
1 2 1 2 3 3 2 2 3 6 6 6 16 17 16 37 37 37 1167.49928 0 0 0 0 1
1 2 1 3 4 4 1 7 0 6 6 6 16 24 24 11 11 11 29.51317 0 0 0 0 1
1 2 1 3 4 4 2 22 2 6 6 6 16 24 16 11 11 11 85.9996 0 0 0 0 1
2 1 1 3 4 4 1 41 2 6 6 6 16 24 16 11 11 11 1680.02402 0 0 0 0 1
1 1 0 3 4 1 5 4 1 6 6 0 24 24 0 11 11 0 1.03138 1 0 0 1 1
1 2 2 3 4 4 1 4 3 6 6 6 16 24 16 11 11 11 12.85866 0 0 0 0 0
1 2 1 3 4 4 1 7 0 6 6 6 16 24 24 11 11 11 1311.08937 0 0 0 0 1
1 2 1 3 4 4 1 7 2 6 6 6 16 24 16 11 11 11 4.49937 0 0 0 0 1
1 2 0 3 4 1 1 7 1 6 6 0 16 24 0 11 11 0 8.99982 0 0 0 0 0
1 2 0 3 4 1 1 7 1 6 6 0 16 24 0 11 11 0 7.99982 0 0 0 0 1
1 2 1 3 4 4 1 7 2 6 6 6 16 24 16 11 11 11 18.55485 0 0 0 0 1
1 2 0 3 4 1 1 7 1 6 6 0 16 24 0 11 11 0 26.49981 0 0 0 0 1
1 2 1 3 4 4 2 7 3 6 6 6 16 24 16 11 11 11 1.83864 1 0 0 0 1
2 1 0 3 4 1 1 17 1 6 6 0 16 24 0 11 11 0 67.74449 0 0 0 0 1
1 2 1 3 4 4 1 7 3 6 6 6 16 24 16 11 11 11 15.35418 0 0 0 0 1
1 2 0 3 4 1 1 7 1 6 6 0 16 24 0 11 11 0 17.49982 0 0 0 0 1
1 2 1 3 4 4 1 7 2 6 6 6 16 24 16 11 11 11 4.49952 0 0 0 0 1
1 2 1 3 4 4 2 7 2 6 6 6 16 24 16 11 11 11 3.30401 0 0 0 0 0
1 2 0 3 4 1 1 7 1 6 6 0 16 24 0 11 11 0 8.49987 0 0 0 0 0
1 2 0 3 4 1 1 7 1 6 6 0 16 24 0 11 11 0 92.99983 0 0 0 0 1
2 1 1 3 4 4 1 17 2 6 6 6 16 24 16 11 11 11 2.16701 1 0 0 0 1
1 2 0 3 4 1 1 7 1 6 6 0 16 24 0 11 11 0 1.51419 1 0 0 0 0
1 2 0 3 4 1 1 7 1 6 6 0 16 24 0 11 11 0 28.98549 0 0 0 0 0
1 2 0 3 4 1 1 7 1 6 6 0 16 24 0 11 11 0 56.49983 0 0 0 0 1
1 2 0 3 4 1 1 7 1 6 6 0 16 24 0 11 11 0 9.99977 0 0 0 0 1
1 2 0 3 4 1 1 7 1 6 6 0 16 24 0 11 11 0 25.49982 0 0 0 0 1
1 2 1 3 4 4 1 7 2 6 6 6 16 24 16 11 11 11 15.86624 0 0 0 0 1
1 2 0 3 4 1 1 7 1 6 6 0 16 24 0 11 11 0 6.49971 0 0 0 0 1
1 2 2 3 4 4 1 7 2 6 6 6 16 24 16 11 11 11 10.78995 0 0 0 0 1
1 2 0 3 4 1 1 7 1 6 6 0 16 24 0 11 11 0 1.56538 1 0 0 0 0
1 2 0 3 4 1 1 7 1 6 6 0 16 24 0 11 11 0 4.93401 0 0 0 0 0
1 2 1 3 4 4 1 7 2 6 6 6 16 24 16 11 11 11 5.87434 0 0 0 0 1
1 2 0 3 4 1 1 7 1 6 6 0 16 24 0 11 11 0 8.49976 0 0 0 0 1
1 2 0 3 4 1 1 7 1 6 6 0 16 24 0 11 11 0 43.49983 0 0 0 0 1
1 2 2 3 4 4 1 7 2 6 6 6 16 24 16 11 11 11 25.0743 0 0 0 0 1
1 2 1 3 4 4 1 7 2 6 6 6 16 24 16 11 11 11 7.4996 0 0 0 0 1
1 2 1 3 4 4 1 7 2 6 6 6 16 24 16 11 11 11 3.39417 0 0 0 0 1
1 2 1 3 4 4 1 7 2 6 6 6 16 24 16 11 11 11 9.6236 0 0 0 0 1
2 1 1 3 4 4 1 17 2 6 6 6 16 24 16 11 11 11 19.81466 0 0 0 0 1
1 2 2 3 4 4 1 7 0 6 6 6 16 24 24 11 11 11 5.96528 0 0 0 0 1
1 2 0 3 4 1 1 7 1 6 6 0 16 24 0 11 11 0 6.99976 0 0 0 0 1
1 2 1 3 4 4 1 7 2 6 6 6 16 24 16 11 11 11 2.50028 0 0 0 0 0
1 2 1 3 4 4 1 7 2 6 6 6 16 24 16 11 11 11 5.13387 0 0 0 0 0
1 2 0 3 4 1 1 7 1 6 6 0 16 24 0 11 11 0 6.57755 0 0 0 0 0
1 2 0 3 4 1 1 7 1 6 6 0 16 24 0 11 11 0 1.92213 1 0 0 0 1
1 2 0 3 4 1 1 7 1 6 6 0 16 24 0 11 11 0 1.00586 1 0 0 0 0
1 2 1 3 4 4 1 7 2 6 6 6 16 24 16 11 11 11 9.99376 0 0 0 0 0
1 2 0 3 4 1 1 7 1 6 6 0 16 24 0 11 11 0 3.99983 0 0 0 0 1
2 1 1 3 4 4 1 17 2 6 6 6 16 24 16 11 11 11 6.90432 0 0 0 0 1
1 2 1 3 4 4 1 7 2 6 6 6 16 24 16 11 11 11 17.61623 0 0 0 0 1
1 2 1 3 4 4 2 7 2 6 6 6 16 24 16 11 11 11 35.49963 0 0 0 0 1
1 2 1 3 4 4 2 7 2 6 6 6 16 24 16 11 11 11 32.99356 0 0 0 0 1
1 2 1 3 4 4 1 7 3 6 6 6 16 24 16 11 11 11 27.63942 0 0 0 0 1
1 2 1 3 4 4 2 7 2 6 6 6 16 24 16 11 11 11 31.99961 0 0 0 0 1
2 1 0 3 4 1 1 17 1 6 6 0 16 24 0 11 11 0 1.09938 1 0 0 0 1
1 2 2 3 4 4 1 7 2 6 6 6 16 24 16 11 11 11 8.87269 0 0 0 0 0
1 2 0 3 4 1 1 7 1 6 6 0 16 24 0 11 11 0 6.49977 0 0 0 0 1
1 2 0 3 4 1 1 7 1 6 6 0 16 24 0 11 11 0 5.99981 0 0 0 0 1
1 2 1 3 4 4 1 7 2 6 6 6 16 24 16 11 11 11 34.9201 0 0 0 0 1
1 2 1 3 4 4 2 7 2 6 6 6 16 24 16 11 11 11 43.9996 0 0 0 0 1
2 1 1 3 4 4 1 17 3 6 6 6 16 24 16 11 11 11 67.72516 0 0 0 0 1
1 2 0 3 4 1 1 7 1 6 6 0 16 24 0 11 11 0 1.49969 1 0 0 0 1
1 2 0 3 4 1 1 7 1 6 6 0 16 24 0 11 11 0 2.03705 1 0 0 0 0
1 2 1 3 4 4 1 7 2 6 6 6 16 24 16 11 11 11 6.75723 0 0 0 0 0
1 2 1 3 4 4 1 7 2 6 6 6 16 24 16 11 11 11 19.51175 0 0 0 0 1
1 2 1 3 4 4 2 7 2 6 6 6 16 24 16 11 11 11 1.59548 1 0 0 0 1
2 1 1 3 4 4 1 17 2 6 6 6 16 24 16 11 11 11 2.16655 1 0 0 0 0
1 2 0 3 4 1 1 7 1 6 6 0 16 24 0 11 11 0 4.49988 0 0 0 0 0
1 2 0 3 4 1 1 7 1 6 6 0 16 24 0 11 11 0 42.78026 0 0 0 0 0
1 2 1 3 4 4 2 7 3 6 6 6 16 24 16 11 11 11 1.43673 1 0 0 0 1
1 2 1 3 4 4 1 7 3 6 6 6 16 24 16 11 11 11 11.5778 0 0 0 0 0
1 2 0 3 4 1 1 7 1 6 6 0 16 24 0 11 11 0 15.99982 0 0 0 0 1
1 2 1 3 4 4 2 7 3 6 6 6 16 24 16 11 11 11 27.78969 0 0 0 0 1
1 2 1 3 4 4 1 7 2 6 6 6 16 24 16 11 11 11 2.01807 1 0 0 0 1
2 1 1 3 4 4 1 17 2 6 6 6 16 24 16 11 11 11 8.76075 0 0 0 0 1
1 2 0 3 4 1 1 7 1 6 6 0 16 24 0 11 11 0 7.46533 0 0 0 0 1
1 2 0 3 4 1 1 7 1 6 6 0 16 24 0 11 11 0 1.91614 1 0 0 0 1
1 2 0 3 4 1 1 7 1 6 6 0 16 24 0 11 11 0 47.58325 0 0 0 0 1
1 2 1 3 4 4 2 7 2 6 6 6 16 24 16 11 11 11 8.49962 0 0 0 0 1
1 2 0 3 4 1 1 7 1 6 6 0 16 24 0 11 11 0 22.49981 0 0 0 0 1
1 2 0 3 4 1 1 7 1 6 6 0 16 24 0 11 11 0 3.99977 0 0 0 0 1
2 1 1 3 4 4 1 17 2 6 6 6 16 24 16 11 11 11 5.21814 0 0 0 0 0
1 2 1 3 4 4 1 7 2 6 6 6 16 24 16 11 11 11 9.67018 0 0 0 0 0
1 2 0 3 4 1 1 7 1 6 6 0 16 24 0 11 11 0 1.65973 1 0 0 0 1
1 2 0 3 4 1 1 7 1 6 6 0 16 24 0 11 11 0 8.83971 0 0 0 0 1
1 2 0 3 4 1 1 7 1 6 6 0 16 24 0 11 11 0 35.49988 0 0 0 0 0
1 2 0 3 4 1 1 7 1 6 6 0 16 24 0 11 11 0 17.49981 0 0 0 0 1
1 2 0 3 4 1 1 7 1 6 6 0 16 24 0 11 11 0 3.56393 0 0 0 0 1
1 2 0 3 4 1 1 7 1 6 6 0 16 24 0 11 11 0 11.07343 0 0 0 0 0
2 1 1 3 4 4 1 17 2 6 6 6 16 24 16 11 11 11 5.28067 0 0 0 0 0
1 2 0 3 4 1 1 7 1 6 6 0 16 24 0 11 11 0 2.05946 1 0 0 0 0
1 2 0 3 4 1 1 7 1 6 6 0 16 24 0 11 11 0 2.13994 1 0 0 0 0
1 2 0 3 4 1 1 7 1 6 6 0 16 24 0 11 11 0 4.40945 0 0 0 0 0
1 2 0 3 4 1 1 7 1 6 6 0 16 24 0 11 11 0 7.64986 0 0 0 0 0
1 2 0 3 4 1 1 7 1 6 6 0 16 24 0 11 11 0 6.06041 0 0 0 0 0
1 2 0 3 4 1 1 7 1 6 6 0 16 24 0 11 11 0 3.59858 0 0 0 0 0
1 2 0 3 4 1 1 7 1 6 6 0 16 24 0 11 11 0 9.22995 0 0 0 0 0
1 2 0 3 4 1 1 7 1 6 6 0 16 24 0 11 11 0 1.59993 1 0 0 0 0
2 1 1 3 4 4 1 17 2 6 6 6 16 24 16 11 11 11 10.03475 0 0 0 0 0
1 2 1 3 4 4 1 7 2 6 6 6 16 24 16 11 11 11 4.93942 0 0 0 0 1
1 2 1 3 4 4 1 7 2 6 6 6 16 24 16 11 11 11 2.38913 1 0 0 0 1
1 2 0 3 4 1 1 7 1 6 6 0 16 24 0 11 11 0 2.39169 1 0 0 0 0
1 2 0 3 4 1 1 7 1 6 6 0 16 24 0 11 11 0 9.60802 0 0 0 0 0
1 2 1 3 4 4 1 7 2 6 6 6 16 24 16 11 11 11 4.59817 0 0 0 0 1
1 2 2 3 4 4 1 7 2 6 6 6 16 24 16 11 11 11 10.23901 0 0 0 0 0
1 2 1 3 4 4 1 7 2 6 6 6 16 24 16 11 11 11 5.49976 0 0 0 0 1
1 2 0 3 4 1 1 7 1 6 6 0 16 24 0 11 11 0 1.83018 1 0 0 0 1
1 2 0 3 4 1 1 7 1 6 6 0 16 24 0 11 11 0 10.66892 0 0 0 0 1
1 2 0 3 4 1 1 7 1 6 6 0 16 24 0 11 11 0 8.49981 0 0 0 0 1
1 2 1 3 4 4 2 7 3 6 6 6 16 24 16 11 11 11 11.49947 0 0 0 0 1
1 2 0 3 4 1 1 7 1 6 6 0 16 24 0 11 11 0 1.66944 1 0 0 0 1
2 1 1 3 4 4 1 17 2 6 6 6 16 24 16 11 11 11 2.0 1 0 0 0 0
1 2 0 3 4 1 1 7 1 6 6 0 16 24 0 11 11 0 1.87991 1 0 0 0 0
1 2 1 3 4 4 1 7 2 6 6 6 16 24 16 11 11 11 8.07831 0 0 0 0 0
1 2 0 3 4 1 1 7 1 6 6 0 16 24 0 11 11 0 11.30847 0 0 0 0 1
2 1 1 3 4 4 1 0 2 6 6 6 16 24 16 11 11 11 48.36137 0 0 0 0 0
1 2 1 3 4 4 2 7 3 6 6 6 16 24 16 11 11 11 45.32007 0 0 0 0 1
1 2 0 3 4 1 2 7 1 6 6 0 16 24 0 11 11 0 10.84456 0 0 0 0 1
1 2 1 3 4 4 1 7 2 6 6 6 16 24 16 11 11 11 2.16219 1 0 0 0 0
1 2 1 3 4 4 1 7 2 6 6 6 16 24 16 11 11 11 6.49964 0 0 0 0 0
1 2 0 3 4 1 1 7 1 6 6 0 16 24 0 11 11 0 6.34329 0 0 0 0 1
1 2 0 3 4 1 1 7 1 6 6 0 16 24 0 11 11 0 6.15559 0 0 0 0 0
2 1 1 3 4 4 1 17 2 6 6 6 16 24 16 11 11 11 1.96062 1 0 0 0 1
1 2 1 3 4 4 1 7 2 6 6 6 16 24 16 11 11 11 17.79989 0 0 0 0 0
1 2 1 3 4 4 2 7 3 6 6 6 16 24 16 11 11 11 14.49943 0 0 0 0 1
1 2 1 3 4 4 1 7 2 6 6 6 16 24 16 11 11 11 2.34953 1 0 0 0 1
1 2 0 3 4 1 1 7 1 6 6 0 16 24 0 11 11 0 18.99987 0 0 0 0 0
2 1 1 3 4 4 1 17 3 6 6 6 16 24 16 11 11 11 6.77459 0 0 0 0 1
1 2 2 3 4 4 1 7 0 6 6 6 16 24 24 11 11 11 25.46533 0 0 0 0 1
1 2 1 3 4 4 2 7 2 6 6 6 16 24 16 11 11 11 15.49961 0 0 0 0 1
1 2 0 3 4 1 1 7 1 6 6 0 16 24 0 11 11 0 7.99971 0 0 0 0 1
1 2 1 3 4 4 1 7 2 6 6 6 16 24 16 11 11 11 1.62264 1 0 0 0 1
1 2 0 3 4 1 1 7 1 6 6 0 16 24 0 11 11 0 15.49987 0 0 0 0 0
2 1 1 3 4 4 1 17 2 6 6 6 16 24 16 11 11 11 4.12007 0 0 0 0 1
1 2 1 3 4 4 1 7 2 6 6 6 16 24 16 11 11 11 7.35577 0 0 0 0 0
1 2 1 3 4 4 1 7 2 6 6 6 16 24 16 11 11 11 3.75433 0 0 0 0 1
1 2 1 3 4 4 1 7 2 6 6 6 16 24 16 11 11 11 1.64976 1 0 0 0 0
1 2 1 3 4 4 1 7 2 6 6 6 16 24 16 11 11 11 2.51371 0 0 0 0 0
1 2 0 3 4 1 1 7 1 6 6 0 16 24 0 11 11 0 38.49987 0 0 0 0 0
1 2 1 3 4 4 2 7 3 6 6 6 16 24 16 11 11 11 12.99942 0 0 0 0 1
1 2 1 3 4 4 1 7 2 6 6 6 16 24 16 11 11 11 6.91456 0 0 0 0 1
1 2 1 3 4 4 1 7 2 6 6 6 16 24 16 11 11 11 2.00569 1 0 0 0 1
1 2 2 3 4 4 1 7 2 6 6 6 16 24 16 11 11 11 3.64964 0 0 0 0 1
1 2 1 3 4 4 1 7 2 6 6 6 16 24 16 11 11 11 3.91983 0 0 0 0 0
1 2 0 3 4 1 1 7 1 6 6 0 16 24 0 11 11 0 1.99984 1 0 0 0 0
1 2 1 3 4 4 1 7 2 6 6 6 16 24 16 11 11 11 16.9996 0 0 0 0 1
1 2 1 3 4 4 2 7 3 6 6 6 16 24 16 11 11 11 5.99942 0 0 0 0 1
1 0 0 3 1 1 33 1 1 6 0 0 24 0 0 11 0 0 1.07053 1 0 0 1 1
2 1 1 3 4 4 1 17 2 6 6 6 16 24 16 11 11 11 9.40418 0 0 0 0 0
1 2 1 3 4 4 1 7 2 6 6 6 16 24 16 11 11 11 93.04405 0 0 0 0 1
1 2 1 3 4 4 2 7 3 6 6 6 16 24 16 11 11 11 4.80929 0 0 0 0 1
1 2 2 2 3 3 1 0 2 6 6 6 16 24 16 37 37 37 40.86549 0 0 0 0 0
1 2 0 3 4 1 1 7 1 6 6 0 16 24 0 11 11 0 4.49972 0 0 0 0 1
1 2 1 3 4 4 2 7 2 6 6 6 16 24 16 11 11 11 17.66527 0 0 0 0 0
1 2 1 3 4 4 1 7 2 6 6 6 16 24 16 11 11 11 11.99378 0 0 0 0 1
1 2 0 3 4 1 1 7 1 6 6 0 16 24 0 11 11 0 2.58338 0 0 0 0 0
1 2 1 3 4 4 1 7 0 6 6 6 16 24 24 11 11 11 2.02284 1 0 0 0 0
2 1 2 3 4 4 1 2 0 6 6 6 16 16 24 11 11 11 2.0 1 0 0 0 0
1 2 0 3 4 1 1 7 1 6 6 0 16 24 0 11 11 0 20.49983 0 0 0 0 0
1 2 1 3 4 4 2 7 2 6 6 6 16 24 16 11 11 11 12.49957 0 0 0 0 1
1 2 0 3 4 1 1 7 1 6 6 0 16 24 0 11 11 0 38.9999 0 0 0 0 1
1 2 1 3 4 4 2 7 2 6 6 6 16 24 16 11 11 11 5.99948 0 0 0 0 1
1 2 0 3 4 1 1 7 1 6 6 0 16 24 0 11 11 0 9.99976 0 0 0 0 1
1 2 0 3 4 1 1 7 1 6 6 0 16 24 0 11 11 0 10.49977 0 0 0 0 1
1 2 0 3 4 1 1 7 1 6 6 0 16 24 0 11 11 0 5.99982 0 0 0 0 1
2 1 2 3 4 4 1 2 0 6 6 6 16 16 24 11 11 11 1.15088 1 0 0 0 1
1 2 0 3 4 1 1 7 1 6 6 0 16 24 0 11 11 0 1.32427 1 0 0 0 0
1 2 1 3 4 4 1 7 2 6 6 6 16 24 16 11 11 11 18.99986 0 0 0 0 0
1 2 1 3 4 4 1 7 3 6 6 6 16 24 16 11 11 11 1.29811 1 0 0 0 1
1 2 1 3 4 4 1 7 2 6 6 6 16 24 16 11 11 11 28.11252 0 0 0 0 0
1 2 1 2 3 3 2 2 2 6 6 6 16 17 16 37 37 37 30.49377 0 0 0 0 1
1 2 1 3 4 4 2 7 2 6 6 6 16 24 16 11 11 11 4.49955 0 0 0 0 1
1 2 0 3 4 1 1 7 1 6 6 0 16 24 0 11 11 0 1.22007 1 0 0 0 0
1 1 2 3 4 4 0 2 7 6 6 6 24 16 24 11 11 11 1.00916 1 0 0 1 0
2 1 2 3 4 4 1 2 0 6 6 6 16 16 24 11 11 11 1.12678 1 0 0 0 0
1 2 2 3 4 4 1 7 2 6 6 6 16 24 16 11 11 11 6.12196 0 0 0 0 0
1 2 0 3 4 1 1 7 1 6 6 0 16 24 0 11 11 0 4.49981 0 0 0 0 1
2 1 1 3 4 4 1 17 2 6 6 6 16 24 16 11 11 11 4.02777 0 0 0 0 0
1 2 0 3 4 1 1 7 1 6 6 0 16 24 0 11 11 0 4.92616 0 0 0 0 1
1 2 2 3 4 4 1 0 0 6 6 6 16 24 24 11 11 11 2.26124 1 0 0 0 0
1 2 1 3 4 4 1 24 3 6 6 6 16 16 16 11 11 11 1.14426 1 0 0 0 0
2 1 2 3 4 4 1 17 2 6 6 6 16 24 16 11 11 11 2.1933 1 0 0 0 0
1 2 1 3 4 4 1 7 2 6 6 6 16 24 16 11 11 11 12.00605 0 0 0 0 0
1 2 0 3 4 1 1 7 1 6 6 0 16 24 0 11 11 0 24.49976 0 0 0 0 1
1 2 1 3 4 4 2 7 3 6 6 6 16 24 16 11 11 11 11.31019 0 0 0 0 1
1 2 0 3 4 1 1 7 1 6 6 0 16 24 0 11 11 0 7.49976 0 0 0 0 1
2 1 0 3 4 1 1 17 1 6 6 0 16 24 0 11 11 0 3.89139 0 0 0 0 1
1 2 1 3 4 4 1 7 2 6 6 6 16 24 16 11 11 11 22.49965 0 0 0 0 0
1 2 1 3 4 4 2 7 3 6 6 6 16 24 16 11 11 11 1.51504 1 0 0 0 1
1 2 1 3 4 4 1 7 2 6 6 6 16 24 16 11 11 11 8.7543 0 0 0 0 0
1 2 1 3 4 4 1 7 2 6 6 6 16 24 16 11 11 11 44.98208 0 0 0 0 1
1 2 1 3 4 4 2 7 3 6 6 6 16 24 16 11 11 11 249.49944 0 0 0 0 1
1 2 1 3 4 4 2 7 2 6 6 6 16 24 16 11 11 11 2.31358 1 0 0 0 1
2 1 2 3 4 4 1 2 0 6 6 6 16 16 24 11 11 11 7.35204 0 0 0 0 0
1 2 1 3 4 4 2 7 3 6 6 6 16 24 16 11 11 11 4.46135 0 0 0 0 0
1 2 0 3 4 1 1 7 1 6 6 0 16 24 0 11 11 0 28.67539 0 0 0 0 1
1 2 1 3 4 4 1 7 3 6 6 6 16 24 16 11 11 11 23.81024 0 0 0 0 1
1 2 1 3 4 4 2 7 3 6 6 6 16 24 16 11 11 11 1.50522 1 0 0 0 1
1 2 0 3 4 1 1 7 1 6 6 0 16 24 0 11 11 0 4.9938 0 0 0 0 1
1 2 1 3 4 4 2 7 2 6 6 6 16 24 16 11 11 11 33.83991 0 0 0 0 0
1 2 1 3 4 4 2 7 3 6 6 6 16 24 16 11 11 11 2.08681 1 0 0 0 1
1 2 1 3 4 4 1 7 2 6 6 6 16 24 16 11 11 11 1.92226 1 0 0 0 0
1 2 0 3 4 1 1 7 1 6 6 0 16 24 0 11 11 0 24.99983 0 0 0 0 0
2 1 2 3 4 4 1 2 0 6 6 6 16 16 24 11 11 11 3.72044 0 0 0 0 1
1 2 0 3 4 1 1 7 1 6 6 0 16 24 0 11 11 0 88.05988 0 0 0 0 0
1 2 0 3 4 1 1 7 1 6 6 0 16 24 0 11 11 0 198.06892 0 0 0 0 1
1 2 1 3 4 4 1 7 2 6 6 6 16 24 16 11 11 11 80.02268 0 0 0 0 1
1 2 0 3 4 1 1 7 1 6 6 0 16 24 0 11 11 0 137.49977 0 0 0 0 1
1 2 0 3 4 1 1 22 1 6 6 0 16 24 0 11 11 0 458.49982 0 0 0 0 1
1 2 0 3 4 1 1 0 1 6 6 0 16 24 0 11 11 0 1.66854 1 0 0 0 1
1 2 2 3 4 4 1 7 2 6 6 6 16 24 16 11 11 11 204.32635 0 0 0 0 1
1 2 1 3 4 4 1 7 2 6 6 6 16 24 16 11 11 11 3.61697 0 0 0 0 1
1 2 1 3 4 4 1 0 2 6 6 6 16 24 16 11 11 11 1.79473 1 0 0 0 1
2 2 1 3 4 4 2 2 0 6 6 6 16 16 24 11 11 11 85.98347 0 0 0 0 1
1 2 0 3 4 1 1 7 1 6 6 0 16 24 0 11 11 0 299.99983 0 0 0 0 1
1 2 0 3 4 1 1 7 1 6 6 0 16 24 0 11 11 0 1680.81535 0 0 0 0 1
1 2 2 3 4 4 1 4 2 6 6 6 16 24 16 11 11 11 1703.78991 0 0 0 0 1
1 0 0 3 1 1 5 1 1 6 0 0 24 0 0 11 0 0 1.0651 1 0 0 1 1
1 2 2 3 4 4 1 4 3 6 6 6 16 24 16 11 11 11 675.3586 0 0 0 0 0
1 2 2 2 3 3 1 0 2 6 6 6 16 24 16 37 37 37 244.01159 0 0 0 0 0
1 2 1 2 3 3 2 2 3 6 6 6 16 17 16 37 37 37 755.80849 0 0 0 0 1
1 0 0 3 1 1 5 1 1 6 0 0 24 0 0 11 0 0 2.56084 0 0 0 1 1
2 1 2 3 4 4 2 2 7 6 6 6 16 16 24 11 11 11 1679.87619 0 0 0 0 0
1 0 0 3 1 1 5 1 1 6 0 0 24 0 0 11 0 0 2.57528 0 0 0 1 1
1 2 2 3 4 4 1 4 2 6 6 6 16 24 16 11 11 11 1680.10541 0 0 0 0 0
1 0 0 3 1 1 5 1 1 6 0 0 24 0 0 11 0 0 2.89427 0 0 0 1 1
1 2 0 3 4 1 1 4 1 6 6 0 16 24 0 11 11 0 1680.12572 0 0 0 0 0
1 0 0 3 1 1 5 1 1 6 0 0 24 0 0 11 0 0 2.87406 0 0 0 1 1
1 2 0 3 4 1 1 4 1 6 6 0 16 24 0 11 11 0 424.22995 0 0 0 0 0
1 1 1 2 7 3 0 37 2 6 17 6 25 0 17 37 37 37 1.28811 1 0 0 0 0
1 2 1 2 3 3 1 0 2 6 6 6 16 24 16 37 37 37 242.89456 0 0 0 0 0
1 2 1 2 3 3 2 2 3 6 6 6 16 17 16 37 37 37 1009.12397 0 0 0 0 1
1 0 0 3 1 1 5 1 1 6 0 0 24 0 0 11 0 0 2.87555 1 0 0 1 1
1 2 0 3 4 1 1 4 1 6 6 0 16 24 0 11 11 0 1318.21275 0 0 0 0 1
1 1 1 4 4 4 7 2 7 17 6 6 0 17 24 11 11 11 1.48868 1 0 0 0 0
2 1 2 3 4 4 1 2 0 6 6 6 16 16 24 11 11 11 509.2043 0 0 0 0 0
1 2 2 3 4 4 1 7 2 6 6 6 16 24 16 11 11 11 1285.4236 0 0 0 0 1
2 1 2 3 4 4 1 2 0 6 6 6 16 16 24 11 11 11 1668.47094 0 0 0 0 0
1 2 2 3 4 4 1 7 2 6 6 6 16 24 16 11 11 11 428.74867 0 0 0 0 1
1 2 1 2 3 3 1 0 2 6 6 6 16 24 16 37 37 37 244.02136 0 0 0 0 0
1 2 1 2 3 3 2 2 3 6 6 6 16 17 16 37 37 37 1003.4331 0 0 0 0 1
1 1 0 3 4 1 5 4 1 6 6 0 24 24 0 11 11 0 1.47765 1 0 0 1 1
1 2 2 3 4 4 1 4 3 6 6 6 16 24 16 11 11 11 2550.49961 0 0 0 0 0
1 2 1 3 4 4 2 0 3 6 6 6 16 24 16 11 11 11 1.52429 1 0 0 0 1
1 2 2 3 4 4 1 7 2 6 6 6 16 24 16 11 11 11 1229.85147 0 0 0 0 1
2 1 2 3 4 4 1 2 0 6 6 6 16 16 24 11 11 11 1183.56738 0 0 0 0 0
1 2 1 3 4 4 2 0 3 6 6 6 16 24 16 11 11 11 1.97019 1 0 0 0 1
1 2 2 3 4 4 1 7 2 6 6 6 16 24 16 11 11 11 254.72545 0 0 0 0 1
1 1 1 4 3 3 15 2 16 17 6 6 0 17 24 37 37 37 1.42095 1 0 0 0 1
1 2 2 2 3 3 1 0 2 6 6 6 16 24 16 37 37 37 244.30243 0 0 0 0 0
1 2 1 2 3 3 2 2 3 6 6 6 16 17 16 37 37 37 1175.37274 0 0 0 0 1
1 1 0 3 4 1 5 4 1 6 6 0 24 24 0 11 11 0 1.53633 1 0 0 1 1
1 2 2 3 4 4 1 4 3 6 6 6 16 24 16 11 11 11 1681.85086 0 0 0 0 1
1 0 0 3 1 1 5 1 1 6 0 0 24 0 0 11 0 0 2.6487 1 0 0 1 1
1 2 0 3 4 1 1 4 1 6 6 0 16 24 0 11 11 0 909.07921 0 0 0 0 1
2 1 2 3 4 4 1 2 0 6 6 6 16 16 24 11 11 11 1185.03084 0 0 0 0 0
1 2 1 3 4 4 2 0 3 6 6 6 16 24 16 11 11 11 1.59873 1 0 0 0 1
1 2 2 3 4 4 1 7 2 6 6 6 16 24 16 11 11 11 609.15228 0 0 0 0 1
2 1 2 3 4 4 1 2 0 6 6 6 16 16 24 11 11 11 655.06372 0 0 0 0 0
1 2 2 2 3 3 1 0 2 6 6 6 16 24 16 37 37 37 174.76415 0 0 0 0 0
1 2 2 3 4 4 1 7 2 6 6 6 16 24 16 11 11 11 3.30505 0 0 0 0 0
2 1 2 3 4 4 1 2 0 6 6 6 16 16 24 11 11 11 61.48737 0 0 0 0 0
1 2 1 2 3 3 2 2 3 6 6 6 16 17 16 37 37 37 1145.99943 0 0 0 0 1
1 2 2 3 4 4 1 7 2 6 6 6 16 24 16 11 11 11 1557.06559 0 0 0 0 1
2 1 2 3 4 4 1 2 0 6 6 6 16 16 24 11 11 11 30905.33796 0 0 0 0 0
1 1 0 3 4 1 2 3 1 6 6 0 2 2 0 11 11 0 1.99941 1 1 0 0 1
1 0 0 3 1 1 2 1 1 6 0 0 2 0 0 11 0 0 1.67387 1 1 0 0 1
2 1 2 3 4 4 1 2 0 6 6 6 16 16 24 11 11 11 1079.91765 0 0 0 0 1
1 2 2 3 4 4 1 7 2 6 6 6 16 24 16 11 11 11 1680.00526 0 0 0 0 1
1 2 2 3 4 4 1 4 3 6 6 6 16 24 16 11 11 11 1680.54024 0 0 0 0 1
1 0 0 3 1 1 5 1 1 6 0 0 24 0 0 11 0 0 18.13475 0 0 0 1 1
1 0 0 3 1 1 5 1 1 6 0 0 24 0 0 11 0 0 6.82465 0 0 0 1 1
1 2 2 3 4 4 1 4 3 6 6 6 16 24 16 11 11 11 540.77099 0 0 0 0 1
1 1 0 2 3 1 2 3 1 6 6 0 2 2 0 37 37 0 1.76392 1 1 0 0 1
1 2 2 2 3 3 1 0 2 6 6 6 16 24 16 37 37 37 241.07533 0 0 0 0 1
1 2 1 2 3 3 2 2 3 6 6 6 16 17 16 37 37 37 895.06454 0 0 0 0 1
1 0 0 3 1 1 5 1 1 6 0 0 24 0 0 11 0 0 60.16018 0 0 0 1 1
1 0 0 3 1 1 5 1 1 6 0 0 25 0 0 11 0 0 1478.32039 0 0 0 0 1
2 1 2 3 4 4 1 2 0 6 6 6 16 16 24 11 11 11 596.41715 0 0 0 0 1
1 2 2 3 4 4 1 7 2 6 6 6 16 24 16 11 11 11 1680.62912 0 0 0 0 1
1 2 2 3 4 4 1 4 3 6 6 6 16 24 16 11 11 11 483.52225 0 0 0 0 1
1 0 0 4 1 1 0 1 1 17 0 0 0 0 0 4 0 0 2.11504 1 0 0 0 1
1 1 1 2 3 3 2 3 3 6 6 6 2 2 2 4 4 4 313.0735 0 1 0 0 0
1 0 0 4 1 1 14 1 1 17 0 0 0 0 0 7 0 0 4.75978 0 0 0 0 1
2 1 2 0 0 7 0 0 0 17 17 17 0 0 0 7 7 7 230.75429 0 0 0 0 1
1 2 2 3 4 4 1 7 2 6 6 6 16 24 16 11 11 11 477.1073 0 0 0 0 1
1 0 0 4 1 1 15 1 1 17 0 0 0 0 0 37 0 0 2.38123 1 0 0 0 1
1 2 2 2 3 3 1 0 2 6 6 6 16 24 16 37 37 37 242.76169 0 0 0 0 1
1 2 1 2 3 3 2 2 3 6 6 6 16 17 16 37 37 37 956.29581 0 0 0 0 1
2 2 1 3 4 4 2 3 2 6 6 6 16 16 16 11 11 11 1680.21378 0 0 0 0 1
1 0 0 3 1 1 5 1 1 6 0 0 24 0 0 11 0 0 2.36075 1 0 0 1 1
1 2 2 3 4 4 1 4 2 6 6 6 16 24 16 11 11 11 471.58513 0 0 0 0 1
2 1 1 3 4 4 1 41 3 6 6 6 16 24 16 11 11 11 291.33935 0 0 0 0 1
1 2 1 3 4 4 2 22 2 6 6 6 16 24 16 11 11 11 406.9996 0 0 0 0 1
1 2 2 3 4 4 1 7 2 6 6 6 16 24 16 11 11 11 325.30617 0 0 0 0 1
1 1 1 4 4 4 7 2 7 17 6 6 0 17 24 11 11 11 1.80108 1 0 0 0 1
2 1 2 3 4 4 1 2 0 6 6 6 16 16 24 11 11 11 1182.05382 0 0 0 0 0
1 2 1 3 4 4 2 0 3 6 6 6 16 24 16 11 11 11 623.21704 0 0 0 0 1
2 1 2 3 4 4 1 2 0 6 6 6 16 16 24 11 11 11 280.7644 0 0 0 0 0
1 2 2 2 3 3 1 0 2 6 6 6 16 24 16 37 37 37 241.96261 0 0 0 0 1
1 2 2 2 3 3 2 2 2 6 6 6 16 17 17 37 37 37 359.49968 0 0 0 0 1
1 2 2 3 4 4 1 7 2 6 6 6 16 24 16 11 11 11 881.90446 0 0 0 0 1
1 2 1 3 4 4 2 0 3 6 6 6 16 24 16 11 11 11 1679.94524 0 0 0 0 1
1 2 2 3 4 4 1 4 3 6 6 6 16 24 16 11 11 11 1680.01618 0 0 0 0 1
1 0 0 3 1 1 5 1 1 6 0 0 24 0 0 11 0 0 2.29559 1 0 0 1 1
2 1 2 3 4 4 2 2 7 6 6 6 16 16 24 11 11 11 261.75315 0 0 0 0 1
2 1 2 3 4 4 1 2 0 6 6 6 16 16 24 11 11 11 258.18179 0 0 0 0 0
1 2 2 3 4 4 1 7 2 6 6 6 16 24 16 11 11 11 1103.61761 0 0 0 0 1
1 2 2 2 3 3 1 0 2 6 6 6 16 24 16 37 37 37 242.61866 0 0 0 0 1
1 2 1 2 3 3 2 2 3 6 6 6 16 17 16 37 37 37 329.98537 0 0 0 0 1
2 1 2 3 4 4 2 2 7 6 6 6 16 16 24 11 11 11 1462.99962 0 0 0 0 1
1 2 1 3 4 4 2 7 3 6 6 6 16 24 16 11 11 11 193.59963 0 0 0 0 1
2 1 2 3 4 4 1 2 0 6 6 6 16 16 24 11 11 11 1187.97892 0 0 0 0 0
1 2 2 3 4 4 1 7 2 6 6 6 16 24 16 11 11 11 606.16797 0 0 0 0 1
2 1 2 3 4 4 1 2 0 6 6 6 16 16 24 11 11 11 293.614 0 0 0 0 0
1 2 1 3 4 4 2 0 3 6 6 6 16 24 16 11 11 11 1.70673 1 0 0 0 1
1 2 2 3 4 4 1 7 2 6 6 6 16 24 16 11 11 11 1680.00563 0 0 0 0 1
1 2 2 3 4 4 1 4 3 6 6 6 16 24 16 11 11 11 462.6644 0 0 0 0 1
1 2 2 2 3 3 1 0 2 6 6 6 16 24 16 37 37 37 243.25758 0 0 0 0 1
1 2 2 2 3 3 2 2 2 6 6 6 16 17 17 37 37 37 970.02251 0 0 0 0 1
1 0 0 3 1 1 5 1 1 6 0 0 24 0 0 11 0 0 2.04687 1 0 0 1 1
1 2 2 3 4 4 1 4 3 6 6 6 16 24 16 11 11 11 1680.01435 0 0 0 0 1
1 0 0 3 1 1 5 1 1 6 0 0 24 0 0 11 0 0 2.60129 1 0 0 1 1
1 2 0 3 4 1 1 4 1 6 6 0 16 24 0 11 11 0 1680.01972 0 0 0 0 1
1 1 0 3 4 1 5 4 1 6 6 0 24 24 0 11 11 0 1.70932 1 0 0 1 1
1 2 2 3 4 4 1 4 3 6 6 6 16 24 16 11 11 11 1680.1468 0 0 0 0 1
1 0 0 3 1 1 5 1 1 6 0 0 24 0 0 11 0 0 2.85156 1 0 0 1 1
1 2 0 3 4 1 1 4 1 6 6 0 16 24 0 11 11 0 211.18279 0 0 0 0 1
1 2 2 2 3 3 1 0 2 6 6 6 16 24 16 37 37 37 242.46962 0 0 0 0 1
1 2 1 2 3 3 2 2 3 6 6 6 16 17 16 37 37 37 1222.72242 0 0 0 0 1
1 0 0 3 1 1 5 1 1 6 0 0 24 0 0 11 0 0 2.77707 1 0 0 1 1
1 2 0 3 4 1 1 4 1 6 6 0 16 24 0 11 11 0 1680.1257 0 0 0 0 1
1 0 0 3 1 1 5 1 1 6 0 0 24 0 0 11 0 0 2.87411 1 0 0 1 1
1 2 0 3 4 1 1 4 1 6 6 0 16 24 0 11 11 0 1680.32691 0 0 0 0 1
1 0 0 3 1 1 5 1 1 6 0 0 24 0 0 11 0 0 2.67281 1 0 0 1 1
1 2 0 3 4 1 1 4 1 6 6 0 16 24 0 11 11 0 1642.18656 0 0 0 0 1
1 2 2 2 3 3 1 0 2 6 6 6 16 24 16 37 37 37 33.64618 0 0 0 0 1
1 0 0 3 1 1 5 1 1 6 0 0 24 0 0 11 0 0 2.41727 1 0 0 1 1
1 2 0 3 4 1 1 4 1 6 6 0 16 24 0 11 11 0 206.49984 0 0 0 0 1
1 2 1 2 3 3 2 2 3 6 6 6 16 17 16 37 37 37 1474.05935 0 0 0 0 1
1 0 0 3 1 1 5 1 1 6 0 0 24 0 0 11 0 0 3.44012 0 0 0 1 1
1 2 0 3 4 1 1 4 1 6 6 0 16 24 0 11 11 0 1680.61114 0 0 0 0 1
1 0 0 3 1 1 5 1 1 6 0 0 24 0 0 11 0 0 2.65634 1 0 0 1 1
1 2 0 3 4 1 1 4 1 6 6 0 16 24 0 11 11 0 1680.31204 0 0 0 0 1
1 0 0 3 1 1 5 1 1 6 0 0 24 0 0 11 0 0 2.01364 1 0 0 1 1
1 2 0 3 4 1 1 4 1 6 6 0 16 24 0 11 11 0 1390.50401 0 0 0 0 1
1 2 2 2 3 3 1 0 2 6 6 6 16 24 16 37 37 37 241.72486 0 0 0 0 1
1 2 2 2 3 3 2 2 2 6 6 6 16 17 17 37 37 37 43.57402 0 0 0 0 1
1 0 0 3 1 1 5 1 1 6 0 0 24 0 0 11 0 0 2.8677 1 0 0 1 1
1 2 0 3 4 1 1 4 1 6 6 0 16 24 0 11 11 0 1680.21439 0 0 0 0 1
1 2 1 3 4 4 1 4 7 6 6 6 16 24 24 11 11 11 1329.30265 0 0 0 0 1
2 1 2 3 4 4 1 2 0 6 6 6 16 16 24 11 11 11 178.91695 0 0 0 0 1
1 2 1 3 4 4 2 0 3 6 6 6 16 24 16 11 11 11 1.54454 1 0 0 0 1
1 2 2 3 4 4 1 7 2 6 6 6 16 24 16 11 11 11 2991.26042 0 0 0 0 1
1 2 2 2 3 3 1 0 2 6 6 6 16 24 16 37 37 37 241.88172 0 0 0 0 1
1 2 1 2 3 3 2 2 3 6 6 6 16 17 16 37 37 37 125.58073 0 0 0 0 1
1 0 0 3 1 1 5 1 1 6 0 0 24 0 0 11 0 0 2.24989 1 0 0 1 1
1 2 2 3 4 4 1 4 3 6 6 6 16 24 16 11 11 11 1680.01834 0 0 0 0 1
1 0 0 3 1 1 5 1 1 6 0 0 24 0 0 11 0 0 2.08716 1 0 0 1 1
1 2 0 3 4 1 1 4 1 6 6 0 16 24 0 11 11 0 1680.01529 0 0 0 0 1
1 0 0 3 1 1 5 1 1 6 0 0 24 0 0 11 0 0 1.79264 1 0 0 1 1
1 2 0 3 4 1 1 4 1 6 6 0 16 24 0 11 11 0 299.25546 0 0 0 0 1
2 1 2 3 4 4 1 2 0 6 6 6 16 16 24 11 11 11 1680.52095 0 0 0 0 0
1 2 1 3 4 4 2 0 7 6 6 6 16 24 24 11 11 11 2.62846 1 0 0 0 1
1 2 2 3 4 4 1 7 2 6 6 6 16 24 16 11 11 11 752.76562 0 0 0 0 1
1 2 2 2 3 3 1 0 2 6 6 6 16 24 16 37 37 37 242.98626 0 0 0 0 1
1 2 1 2 3 3 2 2 3 6 6 6 16 17 16 37 37 37 680.3927 0 0 0 0 1
1 1 0 3 4 1 5 4 1 6 6 0 24 24 0 11 11 0 1.54765 1 0 0 1 1
1 2 2 3 4 4 1 4 3 6 6 6 16 24 16 11 11 11 25.82598 0 0 0 0 1
2 1 2 3 4 4 1 2 0 6 6 6 16 16 24 11 11 11 99.76202 0 0 0 0 1
1 2 2 3 4 4 1 7 2 6 6 6 16 24 16 11 11 11 1680.00678 0 0 0 0 1
2 1 2 3 4 4 2 2 7 6 6 6 16 16 24 11 11 11 511.74987 0 0 0 0 1
1 1 1 4 4 4 7 2 7 17 6 6 0 17 24 11 11 11 1.92386 1 0 0 0 0
2 1 2 3 4 4 1 2 0 6 6 6 16 16 24 11 11 11 29.25076 0 0 0 0 0
1 1 1 3 4 4 5 3 7 6 6 6 25 2 25 11 11 11 1.51629 1 0 0 0 0
2 2 2 3 4 4 1 4 3 6 6 6 17 24 16 11 11 11 15151.06531 0 0 0 0 0
2 1 2 3 4 4 1 17 2 6 6 6 16 24 16 11 11 11 90.02389 0 0 0 0 1
1 2 1 3 4 4 2 7 3 6 6 6 16 24 16 11 11 11 300.99938 0 0 0 0 1
1 2 1 3 4 4 2 7 2 6 6 6 16 24 16 11 11 11 34.49957 0 0 0 0 1
1 2 2 3 4 4 1 7 2 6 6 6 16 24 16 11 11 11 570.46778 0 0 0 0 1
1 1 0 2 3 1 2 3 1 6 6 0 2 2 0 37 37 0 1.55225 1 1 0 0 1
1 2 2 2 3 3 1 0 2 6 6 6 16 24 16 37 37 37 243.87082 0 0 0 0 1
1 2 1 2 3 3 2 2 3 6 6 6 16 17 16 37 37 37 284.49934 0 0 0 0 1
1 2 1 3 4 4 1 0 2 6 6 6 16 24 16 11 11 11 1.67944 1 0 0 0 1
1 2 0 3 4 1 1 7 1 6 6 0 16 24 0 11 11 0 11.59226 0 0 0 0 1
1 2 1 3 4 4 1 41 2 6 6 6 16 24 16 11 11 11 1.56241 1 0 0 0 1
2 1 0 3 4 1 1 17 1 6 6 0 16 24 0 11 11 0 629.50121 0 0 0 0 1
2 1 1 3 4 4 1 41 3 6 6 6 16 24 16 11 11 11 66.57303 0 0 0 0 1
1 2 2 3 4 4 1 7 2 6 6 6 16 24 16 11 11 11 51.96548 0 0 0 0 1
1 2 0 3 4 1 1 22 1 6 6 0 16 24 0 11 11 0 611.96249 0 0 0 0 1
2 1 2 3 4 4 1 17 2 6 6 6 16 24 16 11 11 11 3.81735 0 0 0 0 1
2 2 1 3 4 4 2 2 0 6 6 6 16 16 24 11 11 11 9.21866 0 0 0 0 1
2 1 2 3 4 4 1 0 2 6 6 6 16 24 16 11 11 11 10.33012 0 0 0 0 1
1 1 0 3 4 1 0 0 1 6 6 0 24 24 0 11 11 0 1.73456 1 0 0 1 1
2 2 1 3 4 4 2 3 0 6 6 6 16 16 24 11 11 11 34.05508 0 0 0 0 1
1 2 1 3 4 4 2 12 2 6 6 6 16 24 16 11 11 11 61.43133 0 0 0 0 1
1 2 1 3 4 4 2 0 2 6 6 6 16 24 16 11 11 11 14.31298 0 0 0 0 1
1 2 1 2 3 3 1 6 2 6 6 6 16 24 16 13 13 13 15.39264 0 0 0 0 1
2 1 2 0 0 0 1 2 2 6 6 6 4 4 17 2 2 2 2.49864 1 0 0 0 1
1 2 2 1 2 2 1 2 2 6 6 6 16 17 16 123 123 123 2.06821 1 0 0 0 1
1 2 2 1 2 2 1 2 2 6 6 6 16 17 16 123 123 123 1.72534 1 0 0 0 1
2 1 1 1 2 2 1 0 2 6 6 6 16 24 16 123 123 123 1.99298 1 0 0 0 1
1 2 2 1 2 2 1 2 2 6 6 6 16 17 16 123 123 123 32.67416 0 0 0 0 1
1 0 0 4 1 1 0 1 1 17 0 0 0 0 0 5 0 0 2.50015 1 0 0 0 1
1 2 2 1 2 2 1 2 2 6 6 6 16 17 16 5 5 5 1.75514 1 0 0 0 1
1 2 2 1 2 2 1 0 2 6 6 6 16 24 16 5 5 5 2.43576 1 0 0 0 1
1 2 2 1 2 2 1 2 2 6 6 6 16 17 16 5 5 5 2.17487 1 0 0 0 1
1 2 2 1 2 2 1 2 2 6 6 6 16 17 16 5 5 5 2.21581 1 0 0 0 1
1 2 2 1 2 2 1 2 2 6 6 6 16 17 16 5 5 5 2.08279 1 0 0 0 1
1 2 2 1 2 2 1 2 2 6 6 6 16 17 16 5 5 5 4.86872 0 0 0 0 1
1 2 2 2 3 3 1 0 2 6 6 6 16 24 16 25 25 25 55.85646 0 0 0 0 1
1 2 1 3 4 4 2 0 2 6 6 6 16 24 16 11 11 11 1.57364 1 0 0 0 1
1 2 0 2 3 1 1 2 1 6 6 0 16 17 0 13 13 0 72.53004 0 0 0 0 1
1 2 1 2 3 3 1 0 2 6 6 6 16 24 16 25 25 25 1.62624 1 0 0 0 1
1 2 1 2 3 3 1 0 2 6 6 6 16 24 16 25 25 25 2.07499 1 0 0 0 1
1 2 1 2 3 3 1 0 2 6 6 6 16 24 16 25 25 25 7.38958 0 0 0 0 1
1 2 2 1 2 2 1 2 2 6 6 6 16 17 16 5 5 5 18.06281 0 0 0 0 1
1 2 2 2 3 3 1 0 5 6 6 6 16 24 16 25 25 25 3.861 0 0 0 0 1
1 2 0 3 4 1 1 0 1 6 6 0 16 24 0 11 11 0 4.68701 0 0 0 0 0
1 2 1 2 3 3 1 24 3 6 6 6 16 16 16 25 25 25 2.50471 1 0 0 0 0
1 2 2 2 3 3 1 0 0 6 6 6 16 24 24 25 25 25 9.85656 0 0 0 0 1
1 2 2 1 2 2 1 2 2 6 6 6 16 17 16 123 123 123 4.4991 0 0 0 0 1
1 2 1 2 3 3 1 0 2 6 6 6 16 24 16 25 25 25 31.55744 0 0 0 0 1
1 2 2 2 3 3 1 35 3 6 6 6 16 24 16 71 71 71 75.25449 0 0 0 0 1
1 2 1 3 4 4 2 12 3 6 6 6 16 24 16 11 11 11 79.99923 0 0 0 0 1
1 2 1 3 4 4 2 0 2 6 6 6 16 24 16 11 11 11 35.43388 0 0 0 0 1
1 1 0 2 3 1 0 0 1 6 6 0 24 24 0 25 25 0 2.59657 1 0 0 1 1
1 2 2 2 3 3 1 0 2 6 6 6 16 24 16 25 25 25 11.79965 0 0 0 0 1
1 2 1 2 3 3 2 2 2 6 6 6 16 17 16 25 25 25 11.45653 0 0 0 0 1
1 1 0 2 3 1 0 0 1 6 6 0 24 24 0 25 25 0 1.54155 1 0 0 1 1
1 1 1 2 3 3 0 3 3 6 6 6 25 2 2 25 25 25 1.72265 1 0 0 0 1
1 2 2 2 3 3 1 0 2 6 6 6 16 24 16 25 25 25 2.59981 1 0 0 0 1
1 2 2 1 2 2 1 2 2 6 6 6 16 17 16 123 123 123 10.08646 0 0 0 0 1
1 2 0 2 3 1 1 2 1 6 6 0 16 17 0 71 71 0 140.40364 0 0 0 0 1
1 2 0 3 4 1 1 12 1 6 6 0 16 24 0 11 11 0 61.99988 0 0 0 0 1
1 2 0 3 4 1 1 0 1 6 6 0 16 24 0 11 11 0 24.9998 0 0 0 0 1
1 1 2 2 3 3 1 3 2 6 6 6 16 16 17 25 25 25 126.96542 0 0 0 0 1
2 1 1 3 4 4 1 0 2 6 6 6 16 24 16 11 11 11 1679.78235 0 0 0 0 1
1 1 0 3 4 1 5 4 1 6 6 0 24 24 0 11 11 0 2.73958 0 0 0 1 1
1 2 2 3 4 4 1 4 3 6 6 6 16 24 16 11 11 11 1679.59744 0 0 0 0 0
1 0 0 3 1 1 5 1 1 6 0 0 24 0 0 11 0 0 1.10007 1 0 0 1 1
1 0 0 3 1 1 5 1 1 6 0 0 24 0 0 11 0 0 1.33548 1 0 0 1 0
1 2 2 3 4 4 1 4 3 6 6 6 16 24 16 11 11 11 1680.06036 0 0 0 0 0
1 0 0 3 1 1 5 1 1 6 0 0 24 0 0 11 0 0 2.90207 0 0 0 1 1
1 2 0 3 4 1 1 4 1 6 6 0 16 24 0 11 11 0 102.19686 0 0 0 0 0
1 2 2 1 2 2 1 2 2 6 6 6 16 17 16 5 5 5 2.88807 1 0 0 0 1
1 2 1 1 2 2 1 0 2 6 6 6 16 24 16 5 5 5 1.73359 1 0 0 0 1
1 2 1 1 2 2 1 2 2 6 6 6 16 17 16 5 5 5 5.85595 0 0 0 0 1
1 2 1 1 2 2 1 0 2 6 6 6 16 24 16 5 5 5 3.88785 0 0 0 0 1
1 2 1 1 2 2 1 2 2 6 6 6 16 17 16 5 5 5 3.86645 0 0 0 0 1
1 2 2 1 2 2 1 2 2 6 6 6 16 17 16 5 5 5 26.3143 0 0 0 0 1
1 2 1 3 4 2 2 12 3 6 6 6 16 24 2 11 11 5 1.83194 1 0 0 0 1
1 1 2 1 2 2 0 2 20 6 6 6 24 16 18 5 5 5 3.73394 0 0 0 1 1
1 2 2 1 2 2 1 2 2 6 6 6 16 17 16 5 5 5 5.13722 0 0 0 0 1
1 2 2 1 2 2 1 2 2 6 6 6 16 17 16 5 5 5 1.76817 1 0 0 0 1
1 2 2 1 2 2 1 2 2 6 6 6 16 17 16 5 5 5 22.32429 0 0 0 0 1
1 1 0 1 2 1 2 3 1 6 6 0 2 2 0 5 5 0 1.71482 1 1 0 0 1
1 2 1 1 2 2 1 2 2 6 6 6 16 17 16 5 5 5 4.70924 0 0 0 0 1
1 2 1 1 2 2 1 0 2 6 6 6 16 24 16 5 5 5 5.99241 0 0 0 0 1
1 2 2 1 2 2 1 0 2 6 6 6 16 24 16 5 5 5 7.71775 0 0 0 0 1
1 2 2 1 2 2 1 2 2 6 6 6 16 17 16 5 5 5 24.08247 0 0 0 0 1
1 2 1 3 4 4 2 0 2 6 6 6 16 24 16 11 11 11 17.82595 0 0 0 0 1
1 1 0 1 2 1 2 3 1 6 6 0 2 2 0 123 123 0 1.50075 1 1 0 0 1
1 2 2 1 2 2 1 2 2 6 6 6 16 17 16 123 123 123 8.82224 0 0 0 0 1
1 2 0 1 2 1 1 2 1 6 6 0 16 17 0 8 8 0 43.75528 0 0 0 0 1
1 2 1 3 4 4 2 0 2 6 6 6 16 24 16 11 11 11 125.41987 0 0 0 0 1
1 1 0 1 2 1 2 3 1 6 6 0 2 2 0 123 123 0 1.7378 1 1 0 0 1
1 2 2 1 2 2 1 2 2 6 6 6 16 17 16 123 123 123 13.65203 0 0 0 0 1
1 2 1 1 2 2 1 0 2 6 6 6 16 24 16 5 123 5 3.23455 0 0 0 0 1
1 2 1 1 2 2 1 2 2 6 6 6 16 17 16 5 123 5 3.8478 0 0 0 0 1
2 2 1 1 2 2 1 2 2 6 6 6 4 16 16 123 123 5 12.21728 0 0 0 0 1
1 1 1 1 2 2 0 18 2 6 6 6 24 16 16 5 5 5 3.07313 0 0 0 1 1
1 2 2 1 2 2 1 2 2 6 6 6 16 17 16 5 123 123 3.69276 0 0 0 0 1
1 1 1 1 2 2 0 0 18 6 6 6 24 24 16 5 5 5 2.00431 1 0 0 1 1
1 2 2 1 2 2 1 0 2 6 6 6 16 24 16 5 123 123 6.75714 0 0 0 0 1
1 2 1 1 2 2 1 0 0 6 6 6 16 24 24 5 123 5 2.73409 1 0 0 0 1
1 2 1 1 2 2 1 0 2 6 6 6 16 24 16 5 123 5 7.55684 0 0 0 0 1
2 2 1 1 2 2 1 2 2 6 6 6 4 16 16 123 123 5 69.06451 0 0 0 0 1
1 2 1 3 4 4 2 0 2 6 6 6 16 24 16 11 11 11 50.68082 0 0 0 0 1
1 1 1 2 7 3 0 37 2 6 17 6 25 0 17 65535 37 65535 1.3282 1 0 0 0 0
1 2 2 2 3 3 1 0 2 6 6 6 16 24 16 37 37 37 36.20004 0 0 0 0 0
1 2 2 1 2 2 2 2 2 6 6 6 16 17 17 8 8 8 205.49973 0 0 0 0 1
1 2 1 2 3 3 2 2 3 6 6 6 16 17 16 37 37 37 14.4995 0 0 0 0 1
1 0 0 3 1 1 0 1 1 6 0 0 24 0 0 11 0 0 1.21594 1 0 0 1 1
1 0 0 3 1 1 0 1 1 6 0 0 24 0 0 11 0 0 1.04494 1 0 0 1 0
2 2 1 3 4 4 2 2 0 6 6 6 16 16 24 11 11 11 1677.76237 0 0 0 0 0
1 0 0 3 1 1 5 1 1 6 0 0 24 0 0 11 0 0 2.86351 1 0 0 1 1
1 2 2 3 4 4 1 4 2 6 6 6 16 24 16 11 11 11 1680.2236 0 0 0 0 1
1 0 0 3 1 1 5 1 1 6 0 0 24 0 0 11 0 0 2.77608 0 0 0 1 1
1 2 0 3 4 1 1 4 1 6 6 0 16 24 0 11 11 0 1563.6097 0 0 0 0 0
1 0 0 4 1 1 0 1 1 17 0 0 0 0 0 4 0 0 2.39012 1 0 0 0 0
1 2 1 2 3 3 1 0 0 6 6 6 16 24 24 4 4 4 1.49454 1 0 0 0 0
1 2 1 2 3 3 1 2 2 6 6 6 16 17 16 4 4 4 110.5876 0 0 0 0 0
1 0 0 3 1 1 5 1 1 6 0 0 24 0 0 11 0 0 2.25563 1 0 0 1 1
1 2 2 3 4 4 1 4 3 6 6 6 16 24 16 11 11 11 730.81612 0 0 0 0 0
1 0 0 4 1 1 14 1 1 17 0 0 0 0 0 7 0 0 2.85302 0 0 0 0 1
2 1 2 0 0 7 0 0 0 17 17 17 0 0 0 7 7 7 436.22034 0 0 0 0 0
1 2 2 2 3 3 1 0 2 6 6 6 16 24 16 37 37 37 241.76236 0 0 0 0 0
1 2 2 2 3 3 2 2 2 6 6 6 16 17 17 37 37 37 265.08205 0 0 0 0 1
1 0 0 3 1 1 5 1 1 6 0 0 24 0 0 11 0 0 4.91761 0 0 0 1 1
1 2 0 3 4 1 1 4 1 6 6 0 16 24 0 11 11 0 1678.15447 0 0 0 0 0
1 0 0 3 1 1 5 1 1 6 0 0 24 0 0 11 0 0 3.34532 0 0 0 1 1
1 2 0 3 4 1 1 4 1 6 6 0 16 24 0 11 11 0 1679.6157 0 0 0 0 0
1 0 0 3 1 1 5 1 1 6 0 0 24 0 0 11 0 0 2.88409 0 0 0 1 1
1 2 0 3 4 1 1 4 1 6 6 0 16 24 0 11 11 0 1680.09553 0 0 0 0 0
1 0 0 3 1 1 5 1 1 6 0 0 24 0 0 11 0 0 2.90426 1 0 0 1 1
1 2 0 3 4 1 1 4 1 6 6 0 16 24 0 11 11 0 915.65327 0 0 0 0 1
1 1 1 2 3 3 0 3 3 6 6 6 25 2 2 37 37 37 1.08101 1 0 0 0 1
1 2 2 2 3 3 1 0 2 6 6 6 16 24 16 37 37 37 108.4759 0 0 0 0 0
1 1 0 4 7 1 0 0 1 17 17 0 0 0 0 5 5 0 1.55047 1 0 0 0 1
1 2 1 1 2 2 1 0 2 6 6 6 16 24 16 5 5 5 45.29011 0 0 0 0 0
1 2 0 3 4 1 1 7 1 6 6 0 16 24 0 11 11 0 3.53108 0 0 0 0 1
2 2 1 1 2 2 1 2 2 6 6 6 4 16 16 5 5 5 78.88897 0 0 0 0 0
1 2 1 2 3 3 2 2 3 6 6 6 16 17 16 37 37 37 789.69709 0 0 0 0 1
1 1 1 1 4 2 2 17 3 6 6 6 2 24 2 5 11 5 2.00008 1 1 0 0 1
1 1 1 1 2 2 2 2 2 6 6 6 2 17 17 5 8 8 2242.40513 0 1 0 0 1
1 1 0 3 4 1 2 3 1 6 6 0 2 2 0 11 11 0 1.99973 1 1 0 0 1
2 1 2 3 4 4 1 2 0 6 6 6 16 16 24 11 11 11 26.48616 0 0 0 0 0
1 0 0 4 1 1 0 1 1 17 0 0 0 0 0 123 0 0 3.08051 0 0 0 0 1
2 2 1 1 2 2 1 2 0 6 6 6 16 16 24 123 123 123 1.03224 1 0 0 0 0
1 2 2 1 2 2 1 2 2 6 6 6 16 17 16 123 123 123 484.21941 0 0 0 0 0
1 2 2 3 4 4 1 7 2 6 6 6 16 24 16 11 11 11 295.47057 0 0 0 0 1
1 1 1 3 4 4 2 4 3 6 6 6 2 25 2 11 11 11 1.19298 1 1 0 0 0
2 1 2 3 4 4 1 2 0 6 6 6 16 16 24 11 11 11 605.84825 0 0 0 0 0
1 2 1 3 4 4 2 0 3 6 6 6 16 24 16 11 11 11 1.66952 1 0 0 0 1
2 1 2 3 4 4 1 2 0 6 6 6 16 16 24 11 11 11 4.68871 0 0 0 0 1
1 2 2 1 2 2 1 2 2 6 6 6 16 17 16 123 123 123 170.76985 0 0 0 0 0
1 1 0 1 2 1 2 3 1 6 6 0 2 2 0 123 123 0 1.39658 1 1 0 0 0
1 2 2 1 2 2 1 2 2 6 6 6 16 17 16 123 123 123 720.60178 0 0 0 0 0
1 2 1 3 4 4 2 0 3 6 6 6 16 24 16 11 11 11 121.87011 0 0 0 0 1
2 1 1 3 4 4 1 41 2 6 6 6 16 24 16 11 11 11 75.59756 0 0 0 0 1
1 2 1 3 4 4 2 22 2 6 6 6 16 24 16 11 11 11 656.87353 0 0 0 0 1
1 0 0 4 1 1 15 1 1 17 0 0 0 0 0 37 0 0 2.51903 1 0 0 0 1
1 2 2 2 3 3 1 0 2 6 6 6 16 24 16 37 37 37 165.263 0 0 0 0 0
2 1 2 3 4 4 1 2 0 6 6 6 16 16 24 11 11 11 24.27169 0 0 0 0 0
1 1 0 1 2 1 2 3 1 6 6 0 2 2 0 123 123 0 1.72417 1 1 0 0 0
1 2 2 1 2 2 1 2 2 6 6 6 16 17 16 123 123 123 44.45023 0 0 0 0 0
1 2 1 2 3 3 2 2 3 6 6 6 16 17 16 37 37 37 406.99935 0 0 0 0 1
1 2 1 3 4 4 2 0 3 6 6 6 16 24 16 11 11 11 1326.66337 0 0 0 0 1
1 1 0 1 2 1 2 3 1 6 6 0 2 2 0 123 123 0 1.49642 1 1 0 0 0
1 2 2 1 2 2 1 2 2 6 6 6 16 17 16 123 123 123 349.80482 0 0 0 0 0
1 2 2 3 4 4 1 4 3 6 6 6 16 24 16 11 11 11 1454.44354 0 0 0 0 1
1 1 0 1 2 1 2 3 1 6 6 0 2 2 0 123 123 0 1.51182 1 1 0 0 0
1 2 2 1 2 2 1 2 2 6 6 6 16 17 16 123 123 123 221.94456 0 0 0 0 0
1 0 0 3 1 1 5 1 1 6 0 0 24 0 0 11 0 0 2.92703 1 0 0 1 1
1 2 0 3 4 1 1 4 1 6 6 0 16 24 0 11 11 0 1558.19139 0 0 0 0 1
1 1 0 1 2 1 2 3 1 6 6 0 2 2 0 123 123 0 1.50313 1 1 0 0 0
1 2 2 1 2 2 1 2 2 6 6 6 16 17 16 123 123 123 1.53066 1 0 0 0 0
2 1 2 3 4 4 1 2 0 6 6 6 16 16 24 11 11 11 200.99513 0 0 0 0 0
1 2 1 3 4 4 2 0 3 6 6 6 16 24 16 11 11 11 693.18419 0 0 0 0 1
1 2 2 2 3 3 1 0 2 6 6 6 16 24 16 37 37 37 5.54297 0 0 0 0 1
1 2 2 1 2 2 1 2 2 6 6 6 16 17 16 123 123 123 4.63668 0 0 0 0 1
1 2 1 3 4 4 1 7 2 6 6 6 16 24 16 11 11 11 46.1097 0 0 0 0 0
1 2 1 3 4 4 2 7 2 6 6 6 16 24 16 11 11 11 181.49951 0 0 0 0 1
1 2 2 2 3 3 2 2 2 6 6 6 16 17 17 37 37 37 658.59789 0 0 0 0 1
2 1 2 3 4 4 1 2 0 6 6 6 16 16 24 11 11 11 16.08019 0 0 0 0 0
1 1 0 1 2 1 2 3 1 6 6 0 2 2 0 123 123 0 2.00014 1 1 0 0 0
1 2 2 1 2 2 1 2 2 6 6 6 16 17 16 123 123 123 491.83027 0 0 0 0 0
1 2 1 3 4 4 2 0 3 6 6 6 16 24 16 11 11 11 1292.97202 0 0 0 0 1
1 1 0 1 2 1 2 3 1 6 6 0 2 2 0 123 123 0 1.48949 1 1 0 0 0
1 2 2 1 2 2 1 2 2 6 6 6 16 17 16 123 123 123 384.29579 0 0 0 0 0
1 1 0 3 4 1 5 4 1 6 6 0 24 24 0 11 11 0 2.74704 1 0 0 1 1
1 2 2 3 4 4 1 4 3 6 6 6 16 24 16 11 11 11 1388.03613 0 0 0 0 1
1 0 0 4 1 1 0 1 1 17 0 0 0 0 0 123 0 0 2.47958 1 0 0 0 0
1 2 2 1 2 2 1 2 2 6 6 6 16 17 16 123 123 123 287.38925 0 0 0 0 0
1 2 2 3 4 4 1 4 3 6 6 6 16 24 16 11 11 11 1536.18686 0 0 0 0 1
1 1 0 1 2 1 2 3 1 6 6 0 2 2 0 123 123 0 1.43337 1 1 0 0 0
2 2 1 1 2 2 1 2 0 6 6 6 16 16 24 123 123 123 1.0108 1 0 0 0 0
1 2 2 1 2 2 1 2 2 6 6 6 16 17 16 123 123 123 139.7883 0 0 0 0 0
1 0 0 3 1 1 5 1 1 6 0 0 24 0 0 11 0 0 2.38248 1 0 0 1 1
1 2 0 3 4 1 1 4 1 6 6 0 16 24 0 11 11 0 9.89023 0 0 0 0 1
1 2 2 2 3 3 1 0 2 6 6 6 16 24 16 37 37 37 242.47538 0 0 0 0 0
1 2 1 2 3 3 2 2 3 6 6 6 16 17 16 37 37 37 1378.31695 0 0 0 0 1
1 2 2 3 4 4 1 11 2 6 6 6 16 24 16 11 11 11 806.6802 0 0 0 0 0
1 2 1 3 4 4 2 0 3 6 6 6 16 24 16 11 11 11 979.03232 0 0 0 0 1
1 1 0 1 2 1 2 3 1 6 6 0 2 2 0 123 123 0 1.39476 1 1 0 0 0
1 2 2 1 2 2 1 2 2 6 6 6 16 17 16 123 123 123 697.63511 0 0 0 0 0
1 0 0 3 1 1 5 1 1 6 0 0 24 0 0 11 0 0 2.79733 1 0 0 1 1
1 2 0 3 4 1 1 4 1 6 6 0 16 24 0 11 11 0 921.11257 0 0 0 0 1
1 2 2 1 2 2 1 2 2 6 6 6 16 17 16 123 123 123 216.87724 0 0 0 0 1
1 1 0 1 2 1 2 3 1 6 6 0 2 2 0 123 123 0 1.39721 1 1 0 0 0
1 2 2 1 2 2 1 2 2 6 6 6 16 17 16 123 123 123 534.5161 0 0 0 0 0
1 0 0 3 1 1 5 1 1 6 0 0 24 0 0 11 0 0 2.90222 1 0 0 1 1
1 2 0 3 4 1 1 4 1 6 6 0 16 24 0 11 11 0 678.19033 0 0 0 0 1
1 2 1 2 3 3 1 0 2 6 6 6 16 24 16 37 37 37 244.06828 0 0 0 0 1
1 2 2 2 3 3 2 2 2 6 6 6 16 17 17 37 37 37 309.03251 0 0 0 0 1
1 1 0 1 2 1 2 3 1 6 6 0 2 2 0 123 123 0 1.60705 1 1 0 0 0
1 2 2 1 2 2 1 2 2 6 6 6 16 17 16 123 123 123 439.80554 0 0 0 0 0
1 0 0 3 1 1 5 1 1 6 0 0 24 0 0 11 0 0 2.87826 1 0 0 1 1
1 2 0 3 4 1 1 4 1 6 6 0 16 24 0 11 11 0 1340.47528 0 0 0 0 1
1 0 0 1 1 1 2 1 1 6 0 0 2 0 0 123 0 0 1.00037 1 1 0 0 0
1 0 0 1 1 1 2 1 1 6 0 0 2 0 0 123 0 0 1.3709 1 1 0 0 0
1 2 2 1 2 2 1 2 2 6 6 6 16 17 16 123 123 123 336.10448 0 0 0 0 0
1 0 0 3 1 1 5 1 1 6 0 0 24 0 0 11 0 0 2.87962 1 0 0 1 1
1 2 0 3 4 1 1 4 1 6 6 0 16 24 0 11 11 0 1443.04786 0 0 0 0 1
1 2 2 1 2 2 1 2 2 6 6 6 16 17 16 123 123 123 7.3471 0 0 0 0 0
1 1 2 3 4 4 0 2 7 6 6 6 24 16 24 11 11 11 1.13183 1 0 0 1 0
2 1 2 3 4 4 1 2 0 6 6 6 16 16 24 11 11 11 49.99007 0 0 0 0 0
1 0 0 4 1 1 0 1 1 17 0 0 0 0 0 123 0 0 2.95627 1 0 0 0 1
1 2 2 1 2 2 1 2 2 6 6 6 16 17 16 123 123 123 454.80112 0 0 0 0 1
1 2 1 3 4 4 2 0 3 6 6 6 16 24 16 11 11 11 1317.32551 0 0 0 0 1
1 1 0 1 2 1 2 3 1 6 6 0 2 2 0 123 123 0 1.48141 1 1 0 0 0
2 2 1 1 2 2 1 2 0 6 6 6 16 16 24 123 123 123 1.04116 1 0 0 0 0
1 2 2 1 2 2 1 2 2 6 6 6 16 17 16 123 123 123 359.37928 0 0 0 0 0
1 0 0 3 1 1 5 1 1 6 0 0 24 0 0 11 0 0 1.7418 1 0 0 1 1
1 2 2 3 4 4 1 4 3 6 6 6 16 24 16 11 11 11 141.51982 0 0 0 0 1
1 2 2 2 3 3 1 0 2 6 6 6 16 24 16 37 37 37 243.62376 0 0 0 0 1
1 2 1 2 3 3 2 2 3 6 6 6 16 17 16 37 37 37 1023.97313 0 0 0 0 1
1 1 0 1 2 1 2 3 1 6 6 0 2 2 0 123 123 0 1.41704 1 1 0 0 0
1 2 2 1 2 2 1 2 2 6 6 6 16 17 16 123 123 123 263.61343 0 0 0 0 0
1 0 0 3 1 1 5 1 1 6 0 0 24 0 0 11 0 0 2.14435 1 0 0 1 1
1 2 0 3 4 1 1 4 1 6 6 0 16 24 0 11 11 0 1524.47564 0 0 0 0 1
2 1 2 3 4 4 1 2 0 6 6 6 16 16 24 11 11 11 11.28673 0 0 0 0 0
1 2 2 1 2 2 1 2 2 6 6 6 16 17 16 123 123 123 838.04847 0 0 0 0 0
1 2 1 3 4 4 2 0 3 6 6 6 16 24 16 11 11 11 940.03141 0 0 0 0 1
1 1 0 1 2 1 2 3 1 6 6 0 2 2 0 123 123 0 1.43991 1 1 0 0 0
1 2 2 1 2 2 1 2 2 6 6 6 16 17 16 123 123 123 736.30949 0 0 0 0 0
1 1 0 3 4 1 5 4 1 6 6 0 24 24 0 11 11 0 1.68481 1 0 0 1 1
1 2 2 3 4 4 1 4 3 6 6 6 16 24 16 11 11 11 876.33424 0 0 0 0 1
1 2 2 1 2 2 1 2 2 6 6 6 16 17 16 123 123 123 214.88954 0 0 0 0 0
1 1 0 1 2 1 2 3 1 6 6 0 2 2 0 123 123 0 1.37989 1 1 0 0 0
1 2 2 1 2 2 1 2 2 6 6 6 16 17 16 123 123 123 24.52538 0 0 0 0 0
1 2 2 2 3 3 2 2 2 6 6 6 16 17 17 37 37 37 555.93323 0 0 0 0 1
1 0 0 3 1 1 5 1 1 6 0 0 24 0 0 11 0 0 2.56636 1 0 0 1 1
1 2 0 3 4 1 1 4 1 6 6 0 16 24 0 11 11 0 1007.51807 0 0 0 0 1
2 1 2 3 4 4 1 2 0 6 6 6 16 16 24 11 11 11 177.1961 0 0 0 0 1
1 1 0 1 2 1 2 3 1 6 6 0 2 2 0 123 123 0 1.58681 1 1 0 0 0
2 2 1 1 2 2 1 2 0 6 6 6 16 16 24 123 123 123 1.03881 1 0 0 0 0
1 2 2 1 2 2 1 2 2 6 6 6 16 17 16 123 123 123 282.3558 0 0 0 0 0
1 2 1 3 4 4 2 0 3 6 6 6 16 24 16 11 11 11 1502.07512 0 0 0 0 1
1 1 0 1 2 1 2 3 1 6 6 0 2 2 0 123 123 0 1.4342 1 1 0 0 0
1 2 2 1 2 2 1 2 2 6 6 6 16 17 16 123 123 123 109.2418 0 0 0 0 0
1 2 2 1 2 2 1 2 2 6 6 6 16 17 16 123 123 123 62.37523 0 0 0 0 1
1 1 0 3 4 1 5 4 1 6 6 0 24 24 0 11 11 0 1.7707 1 0 0 1 1
1 2 2 3 4 4 1 4 3 6 6 6 16 24 16 11 11 11 1626.03191 0 0 0 0 1
1 1 0 1 2 1 2 3 1 6 6 0 2 2 0 123 123 0 1.48977 1 1 0 0 0
1 2 2 1 2 2 1 2 2 6 6 6 16 17 16 123 123 123 50.35321 0 0 0 0 0
1 2 2 3 4 4 1 4 3 6 6 6 16 24 16 11 11 11 784.23518 0 0 0 0 1
1 0 0 1 1 1 2 1 1 6 0 0 2 0 0 123 0 0 1.85026 1 1 0 0 1
1 2 0 1 2 1 1 23 1 6 6 0 16 18 0 123 123 0 1.68452 1 0 0 0 1
1 2 2 1 2 2 1 2 2 6 6 6 16 17 16 123 123 123 43.58681 0 0 0 0 0
1 2 2 2 3 3 1 0 2 6 6 6 16 24 16 37 37 37 14914.36184 0 0 0 0 1
1 1 0 3 4 1 2 3 1 6 6 0 2 2 0 11 11 0 1.73155 1 1 0 0 1
2 1 2 3 4 4 1 2 0 6 6 6 16 16 24 11 11 11 1068.87942 0 0 0 0 1
1 2 1 3 4 4 2 0 3 6 6 6 16 24 16 11 11 11 970.20958 0 0 0 0 1
2 1 2 3 4 4 1 2 0 6 6 6 16 16 24 11 11 11 814.25077 0 0 0 0 0
1 2 1 3 4 4 2 0 3 6 6 6 16 24 16 11 11 11 1124.73963 0 0 0 0 1
2 1 2 3 4 4 1 2 0 6 6 6 16 16 24 11 11 11 356.34929 0 0 0 0 0
1 2 1 3 4 4 2 0 3 6 6 6 16 24 16 11 11 11 174.3864 0 0 0 0 1
1 0 0 4 1 1 15 1 1 17 0 0 0 0 0 37 0 0 2.49804 1 0 0 0 1
1 2 2 2 3 3 1 0 2 6 6 6 16 24 16 37 37 37 243.70459 0 0 0 0 1
1 2 1 2 3 3 2 2 3 6 6 6 16 17 16 37 37 37 1258.18387 0 0 0 0 1
1 2 2 3 4 4 1 4 3 6 6 6 16 24 16 11 11 11 1650.55269 0 0 0 0 1
1 2 1 3 4 4 2 7 3 6 6 6 16 24 16 11 11 11 984.99937 0 0 0 0 1
2 1 1 3 4 4 1 41 3 6 6 6 16 24 16 11 11 11 715.3882 0 0 0 0 1
2 1 2 3 4 4 1 2 0 6 6 6 16 16 24 11 11 11 228.61846 0 0 0 0 0
1 2 1 3 4 4 2 22 3 6 6 6 16 24 16 11 11 11 182.9994 0 0 0 0 1
1 2 1 3 4 4 2 0 2 6 6 6 16 24 16 11 11 11 25.49958 0 0 0 0 1
2 1 2 3 4 4 1 41 2 6 6 6 16 24 16 11 11 11 12.42205 0 0 0 0 1
1 2 0 3 4 1 1 22 1 6 6 0 16 24 0 11 11 0 410.19431 0 0 0 0 1
2 1 2 3 4 4 1 17 2 6 6 6 16 24 16 11 11 11 3.75848 0 0 0 0 0
1 2 2 3 4 4 1 7 2 6 6 6 16 24 16 11 11 11 214.1201 0 0 0 0 1
1 2 1 3 4 4 2 0 3 6 6 6 16 24 16 11 11 11 214.2183 0 0 0 0 0
1 1 0 3 4 1 33 17 1 6 6 0 24 24 0 11 11 0 1.36095 1 0 0 1 0
2 2 1 3 4 4 2 2 0 6 6 6 16 16 24 11 11 11 328.02553 0 0 0 0 0
1 2 1 3 4 4 1 11 2 6 6 6 16 24 16 11 11 11 6.24733 0 0 0 0 1
1 2 1 3 4 4 2 0 2 6 6 6 16 24 16 11 11 11 53395.73986 0 0 0 0 1
1 0 0 4 1 1 7 1 1 17 0 0 0 0 0 11 0 0 2.72466 1 0 0 0 1
2 1 2 3 4 4 1 2 0 6 6 6 16 16 24 11 11 11 428.90893 0 0 0 0 0
1 2 1 3 4 4 2 0 3 6 6 6 16 24 16 11 11 11 173.49916 0 0 0 0 1
2 1 1 3 4 4 1 41 3 6 6 6 16 24 16 11 11 11 485.68252 0 0 0 0 1
1 1 0 2 3 1 2 3 1 6 6 0 2 2 0 37 37 0 1.99945 1 1 0 0 1
1 0 0 2 1 1 2 1 1 6 0 0 2 0 0 37 0 0 4.00046 0 1 0 0 1
1 2 2 2 3 3 1 0 2 6 6 6 16 24 16 37 37 37 244.34802 0 0 0 0 0
1 2 1 2 3 3 2 2 3 6 6 6 16 17 16 37 37 37 601.49947 0 0 0 0 1
1 2 1 3 4 4 2 41 3 6 6 6 16 24 16 11 11 11 616.48391 0 0 0 0 1
1 1 1 3 4 4 0 3 0 6 6 6 25 2 25 11 11 11 1.76598 1 0 0 0 0
1 1 0 3 4 1 0 3 1 6 6 0 25 2 0 11 11 0 3.68749 0 0 0 0 0
1 1 0 3 4 1 0 3 1 6 6 0 25 2 0 11 11 0 8.31273 0 0 0 0 0
1 0 0 3 1 1 0 1 1 6 0 0 25 0 0 11 0 0 5.51088 0 0 0 0 0
2 2 2 3 4 4 1 2 2 6 6 6 4 4 4 11 11 11 17.23359 0 0 0 0 0
1 1 0 3 4 1 2 3 1 6 6 0 2 2 0 11 11 0 2.00015 1 1 0 0 0
1 0 0 3 1 1 2 1 1 6 0 0 2 0 0 11 0 0 4.00014 0 1 0 0 0
1 0 0 3 1 1 2 1 1 6 0 0 2 0 0 11 0 0 28.01975 0 1 0 0 0
1 1 0 3 4 1 2 3 1 6 6 0 2 2 0 11 11 0 1.87529 1 1 0 0 1
2 1 2 3 4 4 1 41 2 6 6 6 16 24 16 11 11 11 466.23653 0 0 0 0 0
1 2 1 3 4 4 2 41 3 6 6 6 16 24 16 11 11 11 1222.88265 0 0 0 0 1
2 1 2 3 4 4 1 2 0 6 6 6 16 16 24 11 11 11 598.63399 0 0 0 0 1
1 2 1 3 4 4 2 41 3 6 6 6 16 24 16 11 11 11 1515.74639 0 0 0 0 1
2 1 1 3 4 4 1 17 3 6 6 6 16 24 16 11 11 11 1121.49765 0 0 0 0 1
1 2 2 2 3 3 1 0 2 6 6 6 16 24 16 37 37 37 241.71474 0 0 0 0 0
1 2 1 2 3 3 2 2 3 6 6 6 16 17 16 37 37 37 312.21643 0 0 0 0 1
1 1 0 3 4 1 5 4 1 6 6 0 24 24 0 11 11 0 1.51668 1 0 0 1 1
1 2 2 3 4 4 1 4 3 6 6 6 16 24 16 11 11 11 1681.54816 0 0 0 0 1
1 0 0 3 1 1 5 1 1 6 0 0 24 0 0 11 0 0 2.95142 1 0 0 1 1
2 0 0 3 1 1 1 1 1 6 0 0 4 0 0 11 0 0 75.88589 0 0 0 0 1
1 1 0 3 4 1 2 3 1 6 6 0 2 2 0 11 11 0 1.90903 1 1 0 0 1
2 1 1 3 4 4 1 41 2 6 6 6 16 24 16 11 11 11 1679.79752 0 0 0 0 0
1 1 0 3 4 1 5 4 1 6 6 0 24 24 0 11 11 0 1.43019 1 0 0 1 0
1 0 0 3 1 1 5 1 1 6 0 0 24 0 0 11 0 0 2.85902 0 0 0 1 0
1 0 0 3 1 1 5 1 1 6 0 0 24 0 0 11 0 0 5.71878 0 0 0 1 0
1 0 0 3 1 1 5 1 1 6 0 0 24 0 0 11 0 0 11.43779 0 0 0 1 0
1 0 0 3 1 1 5 1 1 6 0 0 24 0 0 11 0 0 2.02963 1 0 0 1 0
2 2 2 3 4 4 1 2 2 6 6 6 4 4 4 11 11 11 72.88906 0 0 0 0 0
1 0 0 4 1 1 7 1 1 17 0 0 0 0 0 11 0 0 2.94609 1 0 0 0 1
2 1 2 3 4 4 1 41 2 6 6 6 16 24 16 11 11 11 50.03572 0 0 0 0 0
1 2 1 3 4 4 1 7 3 6 6 6 16 24 16 11 11 11 1773.29021 0 0 0 0 1
1 2 1 3 4 4 2 7 3 6 6 6 16 24 16 11 11 11 54.99938 0 0 0 0 1
1 2 1 3 4 4 1 7 2 6 6 6 16 24 16 11 11 11 491.7652 0 0 0 0 1
1 1 1 2 3 3 0 3 0 6 6 6 25 2 25 37 37 37 1.57612 1 0 0 0 1
2 2 2 2 3 3 1 2 2 6 6 6 16 4 4 37 37 37 3.1493 0 0 0 0 1
1 2 2 2 3 3 1 0 2 6 6 6 16 24 16 37 37 37 244.52691 0 0 0 0 1
1 2 2 2 3 3 2 2 2 6 6 6 16 17 17 37 37 37 855.30867 0 0 0 0 1
1 1 1 3 4 4 2 0 3 6 6 6 2 25 2 11 11 11 2.00017 1 1 0 0 1
1 1 0 3 4 1 0 3 1 6 6 0 25 2 0 11 11 0 3.82815 0 0 0 0 1
1 1 0 3 4 1 0 3 1 6 6 0 25 2 0 11 11 0 9.15668 0 0 0 0 1
1 0 0 3 1 1 0 1 1 6 0 0 25 0 0 11 0 0 9.21753 0 0 0 0 1
2 2 2 3 4 4 1 2 2 6 6 6 4 4 4 11 11 11 16.30672 0 0 0 0 1
1 1 0 3 4 1 2 3 1 6 6 0 2 2 0 11 11 0 2.00032 1 1 0 0 1
1 0 0 3 1 1 2 1 1 6 0 0 2 0 0 11 0 0 3.99995 0 1 0 0 1
1 0 0 3 1 1 2 1 1 6 0 0 2 0 0 11 0 0 24.93488 0 1 0 0 1
1 1 0 3 4 1 2 3 1 6 6 0 2 2 0 11 11 0 1.99998 1 1 0 0 1
1 0 0 3 1 1 2 1 1 6 0 0 2 0 0 11 0 0 4.00016 0 1 0 0 1
1 0 0 3 1 1 2 1 1 6 0 0 2 0 0 11 0 0 24.28574 0 1 0 0 1
2 1 2 3 4 4 1 2 3 6 6 6 4 4 18 11 11 11 18.43638 0 0 0 0 1
1 1 0 3 4 1 2 3 1 6 6 0 2 2 0 11 11 0 2.00068 1 1 0 0 1
1 0 0 3 1 1 2 1 1 6 0 0 2 0 0 11 0 0 3.99995 0 1 0 0 1
1 0 0 3 1 1 2 1 1 6 0 0 2 0 0 11 0 0 78.63762 0 1 0 0 1
1 1 0 3 4 1 2 3 1 6 6 0 2 2 0 11 11 0 2.00002 1 1 0 0 1
1 0 0 3 1 1 2 1 1 6 0 0 2 0 0 11 0 0 3.99998 0 1 0 0 1
1 0 0 3 1 1 2 1 1 6 0 0 2 0 0 11 0 0 57.20029 0 1 0 0 1
2 2 2 3 4 4 1 2 2 6 6 6 4 4 4 11 11 11 92.67079 0 0 0 0 1
1 1 0 3 4 1 2 3 1 6 6 0 2 2 0 11 11 0 2.00028 1 1 0 0 1
2 1 1 3 4 4 1 0 2 6 6 6 16 24 16 11 11 11 1426.8752 0 0 0 0 1
1 1 1 3 4 4 5 3 7 6 6 6 25 2 25 11 11 11 1.73809 1 0 0 0 1
1 1 0 3 4 1 5 3 1 6 6 0 25 2 0 11 11 0 3.42586 0 0 0 0 1
1 1 0 3 4 1 5 3 1 6 6 0 25 2 0 11 11 0 3.08643 0 0 0 0 1
2 1 2 3 4 4 1 0 2 6 6 6 16 24 16 11 11 11 1679.66024 0 0 0 0 1
1 1 0 3 4 1 5 4 1 6 6 0 24 24 0 11 11 0 1.70263 1 0 0 1 1
2 2 2 3 4 4 1 2 2 6 6 6 4 4 4 11 11 11 103.82436 0 0 0 0 1
1 1 0 3 4 1 2 3 1 6 6 0 2 2 0 11 11 0 2.00034 1 1 0 0 1
1 0 0 3 1 1 2 1 1 6 0 0 2 0 0 11 0 0 3.99971 0 1 0 0 1
1 0 0 3 1 1 2 1 1 6 0 0 2 0 0 11 0 0 23.71351 0 1 0 0 1
2 2 2 3 4 4 1 2 2 6 6 6 4 4 4 11 11 11 190.22563 0 0 0 0 1
1 1 0 3 4 1 2 3 1 6 6 0 2 2 0 11 11 0 2.00001 1 1 0 0 1
1 0 0 3 1 1 2 1 1 6 0 0 2 0 0 11 0 0 2.83976 1 1 0 0 1
2 1 2 3 4 4 1 0 2 6 6 6 16 24 16 11 11 11 445.88949 0 0 0 0 1
1 0 0 4 1 1 14 1 1 17 0 0 0 0 0 11 0 0 5.01426 0 0 0 0 1
1 0 0 4 1 1 14 1 1 17 0 0 0 0 0 11 0 0 5.0061 0 0 0 0 1
1 0 0 4 1 1 14 1 1 17 0 0 0 0 0 11 0 0 3.61337 0 0 0 0 1
1 1 1 3 4 7 2 0 0 6 6 17 2 25 0 11 11 11 2.40239 1 1 0 0 1
1 1 1 3 7 4 2 39 0 6 17 6 2 0 25 11 11 11 4.18805 0 1 0 0 1
1 0 0 4 1 1 14 1 1 17 0 0 0 0 0 11 0 0 1.7145 1 0 0 0 1
1 0 0 3 1 1 0 1 1 6 0 0 25 0 0 11 0 0 3.29127 0 0 0 0 1
1 0 0 4 1 1 14 1 1 17 0 0 0 0 0 11 0 0 5.00677 0 0 0 0 1
1 0 0 4 1 1 14 1 1 17 0 0 0 0 0 11 0 0 5.9248 0 0 0 0 1
1 1 0 3 7 1 0 39 1 6 17 0 25 0 0 11 11 0 4.24964 0 0 0 0 1
1 0 0 4 1 1 14 1 1 17 0 0 0 0 0 11 0 0 5.01152 0 0 0 0 1
1 0 0 4 1 1 14 1 1 17 0 0 0 0 0 11 0 0 5.00866 0 0 0 0 1
1 0 0 4 1 1 14 1 1 17 0 0 0 0 0 11 0 0 2.82895 1 0 0 0 1
1 1 1 3 7 4 2 39 3 6 17 6 2 0 2 11 11 11 4.00014 0 1 0 0 1
1 1 0 4 4 1 14 3 1 17 6 0 0 2 0 11 11 0 5.00861 0 0 0 0 1
1 1 0 3 7 1 0 39 1 6 17 0 25 0 0 11 11 0 4.36138 0 0 0 0 1
1 0 0 4 1 1 14 1 1 17 0 0 0 0 0 11 0 0 5.30393 0 0 0 0 1
1 0 0 4 1 1 14 1 1 17 0 0 0 0 0 11 0 0 5.02421 0 0 0 0 1
1 0 0 4 1 1 14 1 1 17 0 0 0 0 0 11 0 0 4.79199 0 0 0 0 1
1 1 1 3 7 4 2 39 3 6 17 6 2 0 2 11 11 11 1.99998 1 1 0 0 1
1 0 0 3 1 1 2 1 1 6 0 0 2 0 0 11 0 0 2.28575 1 1 0 0 1
1 0 0 4 1 1 14 1 1 17 0 0 0 0 0 11 0 0 1.71465 1 0 0 0 1
1 0 0 3 1 1 2 1 1 6 0 0 2 0 0 11 0 0 3.35572 0 1 0 0 1
1 0 0 4 1 1 14 1 1 17 0 0 0 0 0 11 0 0 5.00979 0 0 0 0 1
1 0 0 4 1 1 14 1 1 17 0 0 0 0 0 11 0 0 5.01015 0 0 0 0 1
1 0 0 4 1 1 14 1 1 17 0 0 0 0 0 11 0 0 5.02713 0 0 0 0 1
1 0 0 4 1 1 14 1 1 17 0 0 0 0 0 11 0 0 5.87726 0 0 0 0 1
1 0 0 4 1 1 14 1 1 17 0 0 0 0 0 11 0 0 5.00768 0 0 0 0 1
1 0 0 4 1 1 14 1 1 17 0 0 0 0 0 11 0 0 5.01061 0 0 0 0 1
1 0 0 4 1 1 14 1 1 17 0 0 0 0 0 11 0 0 5.0083 0 0 0 0 1
1 0 0 4 1 1 14 1 1 17 0 0 0 0 0 11 0 0 4.31542 0 0 0 0 1
1 1 1 3 7 4 2 39 3 6 17 6 2 0 2 11 13 11 2.00011 1 1 0 0 1
1 0 0 3 1 1 2 1 1 6 0 0 2 0 0 11 0 0 2.7429 1 1 0 0 1
1 1 0 3 7 1 2 39 1 6 17 0 2 0 0 11 13 0 3.77032 0 1 0 0 1
1 0 0 4 1 1 14 1 1 17 0 0 0 0 0 13 0 0 5.0068 0 0 0 0 1
1 0 0 4 1 1 14 1 1 17 0 0 0 0 0 13 0 0 1.89401 1 0 0 0 1
1 2 1 2 3 3 1 6 2 6 6 6 16 24 16 11 11 11 10.59079 0 0 0 0 1
1 1 0 2 3 1 2 3 1 6 6 0 2 2 0 11 11 0 1.99997 1 1 0 0 1
1 0 0 2 1 1 2 1 1 6 0 0 2 0 0 11 0 0 4.00048 0 1 0 0 1
1 0 0 2 1 1 2 1 1 6 0 0 2 0 0 11 0 0 36.79125 0 1 0 0 1
1 0 0 4 1 1 7 1 1 17 0 0 0 0 0 11 0 0 5.03533 0 0 0 0 1
1 0 0 4 1 1 7 1 1 17 0 0 0 0 0 11 0 0 5.02473 0 0 0 0 1
1 0 0 4 1 1 7 1 1 17 0 0 0 0 0 11 0 0 5.03548 0 0 0 0 1
1 0 0 4 1 1 7 1 1 17 0 0 0 0 0 11 0 0 5.04976 0 0 0 0 1
1 0 0 4 1 1 7 1 1 17 0 0 0 0 0 11 0 0 2.42244 1 0 0 0 1
1 2 2 2 3 3 1 0 2 6 6 6 16 24 16 11 11 11 68.54224 0 0 0 0 1
1 1 0 2 3 1 2 3 1 6 6 0 2 2 0 11 11 0 1.9996 1 1 0 0 1
1 0 0 2 1 1 2 1 1 6 0 0 2 0 0 11 0 0 4.00015 0 1 0 0 1
1 0 0 2 1 1 2 1 1 6 0 0 2 0 0 11 0 0 67.2266 0 1 0 0 1
1 1 0 3 4 1 2 3 1 6 6 0 2 2 0 11 11 0 1.99995 1 1 0 0 1
1 0 0 3 1 1 2 1 1 6 0 0 2 0 0 11 0 0 4.00014 0 1 0 0 1
1 0 0 3 1 1 2 1 1 6 0 0 2 0 0 11 0 0 26.86048 0 1 0 0 1
1 1 0 3 4 1 2 3 1 6 6 0 2 2 0 11 11 0 2.00044 1 1 0 0 1
1 0 0 3 1 1 2 1 1 6 0 0 2 0 0 11 0 0 3.99959 0 1 0 0 1
1 0 0 3 1 1 2 1 1 6 0 0 2 0 0 11 0 0 46.67561 0 1 0 0 1
1 1 0 3 4 1 2 3 1 6 6 0 2 2 0 11 11 0 2.00071 1 1 0 0 1
1 0 0 3 1 1 2 1 1 6 0 0 2 0 0 11 0 0 3.99982 0 1 0 0 1
1 0 0 3 1 1 2 1 1 6 0 0 2 0 0 11 0 0 24.35237 0 1 0 0 1
2 2 2 3 4 4 1 2 2 6 6 6 4 4 4 11 11 11 61.55675 0 0 0 0 1
1 1 0 3 4 1 2 3 1 6 6 0 2 2 0 11 11 0 1.99956 1 1 0 0 1
1 0 0 3 1 1 2 1 1 6 0 0 2 0 0 11 0 0 3.99986 0 1 0 0 1
1 0 0 3 1 1 2 1 1 6 0 0 2 0 0 11 0 0 2.43106 1 1 0 0 1
1 2 1 2 3 3 1 6 2 6 6 6 16 24 16 11 11 11 245.72401 0 0 0 0 1
1 2 1 2 3 3 2 2 3 6 6 6 16 17 16 11 11 11 249.75953 0 0 0 0 1
1 1 1 4 3 3 15 2 16 17 6 6 0 17 24 37 37 37 3.11307 0 0 0 0 1
1 0 0 2 1 1 0 1 1 6 0 0 25 0 0 37 0 0 1.91054 1 0 0 0 1
1 0 0 4 1 1 15 1 1 17 0 0 0 0 0 37 0 0 4.48834 0 0 0 0 1
1 1 0 4 3 1 15 0 1 17 6 0 0 25 0 37 37 0 5.00401 0 0 0 0 1
1 0 0 4 1 1 15 1 1 17 0 0 0 0 0 37 0 0 5.03656 0 0 0 0 1
1 0 0 4 1 1 15 1 1 17 0 0 0 0 0 37 0 0 2.23729 1 0 0 0 1
1 0 0 2 1 1 0 1 1 6 0 0 25 0 0 37 0 0 2.7703 1 0 0 0 1
1 0 0 4 1 1 15 1 1 17 0 0 0 0 0 37 0 0 5.00755 0 0 0 0 1
1 0 0 4 1 1 15 1 1 17 0 0 0 0 0 37 0 0 5.00784 0 0 0 0 1
1 0 0 4 1 1 15 1 1 17 0 0 0 0 0 37 0 0 12.80803 0 0 0 0 1
1 0 0 2 1 1 0 1 1 6 0 0 25 0 0 37 0 0 11.54129 0 0 0 0 1
2 2 1 2 7 1 1 0 0 6 17 1 4 0 0 37 37 65532 1122.07156 0 0 0 0 1
1 1 0 3 4 1 5 4 1 6 6 0 24 24 0 11 11 0 1.50108 1 0 0 1 1
2 2 1 3 4 4 1 2 7 6 6 6 4 4 24 11 11 11 32.70023 0 0 0 0 1
1 1 0 3 4 1 2 3 1 6 6 0 2 2 0 11 11 0 1.99971 1 1 0 0 1
1 0 0 3 1 1 2 1 1 6 0 0 2 0 0 11 0 0 3.9999 0 1 0 0 1
1 0 0 3 1 1 2 1 1 6 0 0 2 0 0 11 0 0 26.27068 0 1 0 0 1
2 2 2 3 4 4 1 2 2 6 6 6 4 4 4 11 11 11 46.20406 0 0 0 0 1
1 1 0 3 4 1 2 3 1 6 6 0 2 2 0 11 11 0 2.0 1 1 0 0 1
1 0 0 3 1 1 2 1 1 6 0 0 2 0 0 11 0 0 4.00015 0 1 0 0 1
1 0 0 3 1 1 2 1 1 6 0 0 2 0 0 11 0 0 81.04364 0 1 0 0 1
1 2 1 3 4 4 1 3 2 6 6 6 4 18 4 11 11 11 1.79976 1 0 0 0 1
2 2 0 3 4 1 1 2 1 6 6 0 4 4 0 11 11 0 52.55593 0 0 0 0 1
1 1 0 3 4 1 2 3 1 6 6 0 2 2 0 11 11 0 1.99988 1 1 0 0 1
1 0 0 3 1 1 2 1 1 6 0 0 2 0 0 11 0 0 270.06554 0 1 0 0 1
1 1 0 3 4 1 2 3 1 6 6 0 2 2 0 11 11 0 2.00058 1 1 0 0 1
1 0 0 3 1 1 2 1 1 6 0 0 2 0 0 11 0 0 3.99959 0 1 0 0 1
1 0 0 3 1 1 2 1 1 6 0 0 2 0 0 11 0 0 59.86435 0 1 0 0 1
2 1 1 3 4 4 1 41 2 6 6 6 16 24 16 11 11 11 33.47382 0 0 0 0 1
2 1 2 3 4 4 1 2 0 6 6 6 16 16 24 11 11 11 629.14477 0 0 0 0 1
1 2 1 3 4 4 2 41 3 6 6 6 16 24 16 11 11 11 605.74658 0 0 0 0 1
2 2 0 3 4 1 0 41 1 6 6 0 24 24 0 11 11 0 2.0023 1 0 0 1 1
2 1 1 3 4 4 1 17 2 6 6 6 16 24 16 11 11 11 155.60446 0 0 0 0 1
2 1 2 3 4 4 1 2 0 6 6 6 16 16 24 11 11 11 239.25159 0 0 0 0 1
1 2 0 2 3 1 1 2 1 6 6 0 16 17 0 37 37 0 316.96527 0 0 0 0 1
1 2 1 3 4 4 1 7 2 6 6 6 16 24 16 11 11 11 24.99968 0 0 0 0 1
2 1 2 3 4 4 1 3 0 6 6 6 16 16 24 11 11 11 88.45384 0 0 0 0 1
1 2 0 3 4 1 1 7 1 6 6 0 16 24 0 11 11 0 269.99976 0 0 0 0 1
1 2 0 3 4 1 1 41 1 6 6 0 16 24 0 11 11 0 29.99976 0 0 0 0 1
1 2 0 3 4 1 1 7 1 6 6 0 16 24 0 11 11 0 1222.76391 0 0 0 0 1
1 0 0 3 1 1 5 1 1 6 0 0 25 0 0 11 0 0 9.67458 0 0 0 0 1
1 1 1 3 4 4 2 4 3 6 6 6 2 25 2 11 11 11 3.63602 0 1 0 0 1
1 1 2 3 4 4 2 4 2 6 6 6 2 25 4 11 11 11 77.85272 0 1 0 0 1
2 1 2 3 4 4 1 41 2 6 6 6 16 24 16 11 11 11 99.11749 0 0 0 0 1
1 2 2 3 4 4 2 7 0 6 6 6 16 24 24 11 11 11 6.49971 0 0 0 0 1
1 2 0 3 4 1 1 7 1 6 6 0 16 24 0 11 11 0 20.99977 0 0 0 0 1
1 2 0 3 4 1 1 7 1 6 6 0 16 24 0 11 11 0 446.49982 0 0 0 0 1
1 2 1 3 4 4 1 41 2 6 6 6 16 24 16 11 11 11 26.99957 0 0 0 0 1
1 2 0 3 4 1 1 22 1 6 6 0 16 24 0 11 11 0 110.99976 0 0 0 0 1
2 1 2 3 4 4 1 2 0 6 6 6 16 16 24 11 11 11 170.61021 0 0 0 0 1
2 1 1 3 4 4 1 41 2 6 6 6 16 24 16 11 11 11 812.44762 0 0 0 0 1
2 1 2 3 4 4 1 41 2 6 6 6 16 24 16 11 11 11 71.64323 0 0 0 0 1
1 2 1 3 4 4 1 7 2 6 6 6 16 24 16 11 11 11 4.62437 0 0 0 0 1
1 2 1 3 4 4 1 7 2 6 6 6 16 24 16 11 11 11 90.99968 0 0 0 0 1
1 2 0 3 4 1 1 7 1 6 6 0 16 24 0 11 11 0 1.99975 1 0 0 0 1
1 2 1 3 4 4 2 7 2 6 6 6 16 24 16 11 11 11 6.2599 0 0 0 0 1
2 1 1 3 4 4 1 17 2 6 6 6 16 24 16 11 11 11 12.92718 0 0 0 0 1
1 2 0 3 4 1 1 7 1 6 6 0 16 24 0 11 11 0 1.70164 1 0 0 0 1
1 2 1 3 4 4 1 7 2 6 6 6 16 24 16 11 11 11 6.41979 0 0 0 0 1
1 2 1 3 4 4 1 7 2 6 6 6 16 24 16 11 11 11 18.99959 0 0 0 0 1
1 2 0 3 4 1 1 7 1 6 6 0 16 24 0 11 11 0 2.99982 1 0 0 0 1
1 2 0 3 4 1 1 7 1 6 6 0 16 24 0 11 11 0 15.99977 0 0 0 0 1
1 2 0 3 4 1 1 7 1 6 6 0 16 24 0 11 11 0 3.99984 0 0 0 0 1
1 2 1 3 4 4 1 7 2 6 6 6 16 24 16 11 11 11 3.94344 0 0 0 0 1
1 2 1 3 4 4 1 7 2 6 6 6 16 24 16 11 11 11 4.84438 0 0 0 0 1
1 2 1 3 4 4 1 7 2 6 6 6 16 24 16 11 11 11 7.38532 0 0 0 0 1
1 2 2 3 4 4 1 7 0 6 6 6 16 24 24 11 11 11 11.46528 0 0 0 0 1
1 2 0 3 4 1 1 7 1 6 6 0 16 24 0 11 11 0 7.49976 0 0 0 0 1
1 2 0 3 4 1 1 7 1 6 6 0 16 24 0 11 11 0 8.99978 0 0 0 0 1
1 2 0 3 4 1 1 7 1 6 6 0 16 24 0 11 11 0 5.49977 0 0 0 0 1
1 2 1 3 4 4 1 7 2 6 6 6 16 24 16 11 11 11 7.20989 0 0 0 0 1
1 2 1 3 4 4 1 7 2 6 6 6 16 24 16 11 11 11 2.0964 1 0 0 0 1
1 2 1 3 4 4 1 7 2 6 6 6 16 24 16 11 11 11 3.58474 0 0 0 0 1
1 2 0 3 4 1 1 7 1 6 6 0 16 24 0 11 11 0 3.49981 0 0 0 0 1
1 2 0 3 4 1 1 7 1 6 6 0 16 24 0 11 11 0 6.99982 0 0 0 0 1
2 1 2 3 4 4 1 2 0 6 6 6 16 16 24 11 11 11 11.0 0 0 0 0 1
1 2 0 3 4 1 1 7 1 6 6 0 16 24 0 11 11 0 3.49977 0 0 0 0 1
1 2 0 3 4 1 1 7 1 6 6 0 16 24 0 11 11 0 4.03991 0 0 0 0 1
2 1 2 3 4 4 1 2 0 6 6 6 16 16 24 11 11 11 20.27394 0 0 0 0 1
1 2 1 3 4 4 1 7 2 6 6 6 16 24 16 11 11 11 5.91789 0 0 0 0 1
1 2 0 3 4 1 1 7 1 6 6 0 16 24 0 11 11 0 1.99982 1 0 0 0 1
1 2 0 3 4 1 1 7 1 6 6 0 16 24 0 11 11 0 2.49982 1 0 0 0 1
1 2 1 3 4 4 1 7 2 6 6 6 16 24 16 11 11 11 29.49988 0 0 0 0 1
1 2 1 3 4 4 1 7 2 6 6 6 16 24 16 11 11 11 10.49964 0 0 0 0 1
1 2 1 3 4 4 1 7 2 6 6 6 16 24 16 11 11 11 19.29831 0 0 0 0 1
1 2 0 3 4 1 1 7 1 6 6 0 16 24 0 11 11 0 89.49978 0 0 0 0 1
1 2 0 3 4 1 1 7 1 6 6 0 16 24 0 11 11 0 36.99984 0 0 0 0 1
1 2 1 3 4 4 1 7 2 6 6 6 16 24 16 11 11 11 1.99745 1 0 0 0 1
2 1 0 3 4 1 1 17 1 6 6 0 16 24 0 11 11 0 6.5066 0 0 0 0 1
1 2 1 3 4 4 1 7 2 6 6 6 16 24 16 11 11 11 11.23771 0 0 0 0 1
1 2 0 3 4 1 1 7 1 6 6 0 16 24 0 11 11 0 32.49975 0 0 0 0 1
1 2 0 3 4 1 1 7 1 6 6 0 16 24 0 11 11 0 5.54953 0 0 0 0 1
2 1 2 3 4 4 1 2 0 6 6 6 16 16 24 11 11 11 80.26156 0 0 0 0 1
1 2 0 3 4 1 1 7 1 6 6 0 16 24 0 11 11 0 106.03381 0 0 0 0 1
1 2 1 3 4 4 2 22 2 6 6 6 16 24 16 11 11 11 84.34875 0 0 0 0 1
1 2 2 3 4 4 1 0 2 6 6 6 16 24 16 11 11 11 130.46706 0 0 0 0 1
1 2 1 3 4 4 2 7 3 6 6 6 16 24 16 11 11 11 412.49925 0 0 0 0 1
2 1 1 3 4 4 1 17 2 6 6 6 16 24 16 11 11 11 47.99487 0 0 0 0 1
2 1 2 3 4 4 1 2 0 6 6 6 16 16 24 11 11 11 419.45394 0 0 0 0 1
1 2 1 3 4 4 2 0 3 6 6 6 16 24 16 11 11 11 564.61266 0 0 0 0 1
1 1 1 4 3 3 15 2 16 17 6 6 0 17 24 37 65535 65535 2.09195 1 0 0 0 1
1 2 2 2 3 3 1 0 2 6 6 6 16 24 16 37 37 37 241.78943 0 0 0 0 1
1 2 1 2 3 3 2 2 3 6 6 6 16 17 16 37 37 37 870.60336 0 0 0 0 1
1 2 2 3 4 4 1 4 3 6 6 6 16 24 16 11 11 11 1680.02145 0 0 0 0 1
1 0 0 3 1 1 5 1 1 6 0 0 24 0 0 11 0 0 2.20287 1 0 0 1 1
1 2 2 3 4 4 1 4 2 6 6 6 16 24 16 11 11 11 125.86269 0 0 0 0 1
1 2 1 3 4 4 2 0 3 6 6 6 16 24 16 11 11 11 1372.44187 0 0 0 0 1
2 1 2 3 4 4 1 2 0 6 6 6 16 16 24 11 11 11 409.46745 0 0 0 0 1
1 1 1 3 4 4 5 3 7 6 6 6 25 2 25 11 11 11 1.78493 1 0 0 0 1
2 1 2 3 4 4 1 2 0 6 6 6 16 16 24 11 11 11 113.70737 0 0 0 0 1
1 2 1 3 4 4 2 0 3 6 6 6 16 24 16 11 11 11 1647.96191 0 0 0 0 1
1 1 1 2 3 3 0 0 3 6 6 6 25 25 2 37 37 37 76777.72386 0 0 0 0 1
1 2 1 3 4 4 1 0 2 6 6 6 16 24 16 11 11 11 92.45995 0 0 0 0 1
1 2 0 3 4 1 1 7 1 6 6 0 16 24 0 11 11 0 298.49972 0 0 0 0 1
1 2 0 3 4 1 1 7 1 6 6 0 16 24 0 11 11 0 382.99989 0 0 0 0 1
1 2 1 3 4 4 2 41 3 6 6 6 16 24 16 11 11 11 60.99333 0 0 0 0 1
1 2 1 3 4 4 2 0 3 6 6 6 16 24 16 11 11 11 140.98751 0 0 0 0 1
1 0 0 4 1 1 15 1 1 17 0 0 0 0 0 37 0 0 3.08734 0 0 0 0 1
1 2 2 2 3 3 1 0 2 6 6 6 16 24 16 37 37 37 241.67068 0 0 0 0 1
1 2 1 2 3 3 2 2 3 6 6 6 16 17 16 37 37 37 1292.63447 0 0 0 0 1
1 0 0 3 1 1 5 1 1 6 0 0 24 0 0 11 0 0 2.865 1 0 0 1 1
1 2 2 3 4 4 1 4 2 6 6 6 16 24 16 11 11 11 75.9997 0 0 0 0 1
1 2 1 3 4 4 1 41 2 6 6 6 16 24 16 11 11 11 1456.99966 0 0 0 0 1
1 2 1 3 4 4 1 41 2 6 6 6 16 24 16 11 11 11 56910.19308 0 0 0 0 1
2 1 2 3 4 4 1 41 2 6 6 6 16 24 16 11 11 11 19743.31814 0 0 0 0 1
2 1 2 3 4 4 1 41 2 6 6 6 16 24 16 11 11 11 2.04873 1 0 0 0 1
1 2 2 3 4 4 1 0 3 6 6 6 16 24 16 11 11 11 1.63637 1 0 0 0 1
1 2 0 3 4 1 1 0 1 6 6 0 16 24 0 11 11 0 3.9285 0 0 0 0 1
1 2 0 3 4 1 1 0 1 6 6 0 16 24 0 11 11 0 14.57105 0 0 0 0 1
1 2 0 3 4 1 1 7 1 6 6 0 16 24 0 11 11 0 59.49983 0 0 0 0 1
1 2 1 3 4 4 2 0 2 6 6 6 16 24 16 11 11 11 68.99954 0 0 0 0 1
1 2 1 3 4 4 2 0 2 6 6 6 16 24 16 11 11 11 148.15619 0 0 0 0 1
1 2 1 3 4 4 2 12 2 6 6 6 16 24 16 11 11 11 1047.4996 0 0 0 0 1
1 2 2 3 4 4 1 7 2 6 6 6 16 24 16 11 11 11 18658.91125 0 0 0 0 1
1 0 0 4 1 1 7 1 1 17 0 0 0 0 0 11 0 0 2.34257 1 0 0 0 1
2 1 2 3 4 4 1 0 2 6 6 6 16 24 16 11 11 11 1281.27428 0 0 0 0 1
1 0 0 4 1 1 14 1 1 17 0 0 0 0 0 7 0 0 2.76289 1 0 0 0 1
2 1 2 0 0 7 0 0 0 17 17 17 0 0 0 7 7 7 183.80725 0 0 0 0 1
1 2 2 3 4 4 1 7 2 6 6 6 16 24 16 11 11 11 302.13459 0 0 0 0 1
2 1 2 3 4 4 1 2 0 6 6 6 16 16 24 11 11 11 443.45008 0 0 0 0 1
1 2 1 3 4 4 2 0 3 6 6 6 16 24 16 11 11 11 6.10324 0 0 0 0 1
1 2 0 1 2 1 1 2 1 6 6 0 16 17 0 29 29 0 127375.55546 0 0 0 0 1
1 0 0 4 1 1 7 1 1 17 0 0 0 0 0 11 0 0 4.13711 0 0 0 0 1
2 1 2 3 4 4 1 0 0 6 6 6 16 24 24 11 11 11 533.96262 0 0 0 0 1
1 2 2 3 4 4 1 7 2 6 6 6 16 24 16 11 11 11 110713.09343 0 0 0 0 1
1 2 2 3 4 4 1 24 2 6 6 6 16 16 16 11 11 11 2.06121 1 0 0 0 1
1 2 2 3 4 4 1 11 2 6 6 6 16 24 16 11 11 11 3.50257 0 0 0 0 1
1 2 0 3 4 1 1 7 1 6 6 0 16 24 0 11 11 0 303.99986 0 0 0 0 1
1 2 0 3 4 1 1 7 1 6 6 0 16 24 0 11 11 0 213.49983 0 0 0 0 1
1 2 1 3 4 4 0 2 0 6 6 6 24 16 24 11 11 11 2.01729 1 0 0 1 1
1 2 2 3 4 4 1 7 2 6 6 6 16 24 16 11 11 11 838.09824 0 0 0 0 1
2 1 2 3 4 4 1 2 0 6 6 6 16 16 24 11 11 11 4.26142 0 0 0 0 1
1 2 1 3 4 4 1 7 2 6 6 6 16 24 16 11 11 11 3.49982 0 0 0 0 1
1 2 1 3 4 4 1 7 2 6 6 6 16 24 16 11 11 11 10.31897 0 0 0 0 1
1 2 1 3 4 4 2 7 2 6 6 6 16 24 16 11 11 11 3.25472 0 0 0 0 1
1 2 2 3 4 4 1 7 2 6 6 6 16 24 16 11 11 11 19.70318 0 0 0 0 1
1 2 1 3 4 4 1 7 3 6 6 6 16 24 16 11 11 11 10.04452 0 0 0 0 1
1 2 0 3 4 1 1 7 1 6 6 0 16 24 0 11 11 0 13.49979 0 0 0 0 1
1 2 1 3 4 4 1 7 3 6 6 6 16 24 16 11 11 11 7.69801 0 0 0 0 1
2 1 1 3 4 4 1 17 2 6 6 6 16 24 16 11 11 11 7.25637 0 0 0 0 1
1 2 1 3 4 4 1 7 2 6 6 6 16 24 16 11 11 11 3.38779 0 0 0 0 1
1 2 0 3 4 1 1 7 1 6 6 0 16 24 0 11 11 0 14.49987 0 0 0 0 1
1 2 1 3 4 4 1 7 2 6 6 6 16 24 16 11 11 11 9.56332 0 0 0 0 1
1 2 0 3 4 1 1 7 1 6 6 0 16 24 0 11 11 0 240.26784 0 0 0 0 1
2 1 2 3 4 4 1 2 0 6 6 6 16 16 24 11 11 11 29.1122 0 0 0 0 1
1 2 1 3 4 4 2 7 2 6 6 6 16 24 16 11 11 11 298.09773 0 0 0 0 1
1 2 0 3 4 1 1 7 1 6 6 0 16 24 0 11 11 0 278.66905 0 0 0 0 1
1 2 2 3 4 4 1 7 2 6 6 6 16 24 16 11 11 11 203.79676 0 0 0 0 1
1 2 1 3 4 4 1 7 2 6 6 6 16 24 16 11 11 11 2.43854 1 0 0 0 1
1 2 0 3 4 1 1 7 1 6 6 0 16 24 0 11 11 0 10.99281 0 0 0 0 1
1 2 1 3 4 4 1 7 2 6 6 6 16 24 16 11 11 11 3.49982 0 0 0 0 1
1 2 1 3 4 4 1 7 2 6 6 6 16 24 16 11 11 11 1.61425 1 0 0 0 1
2 1 0 3 4 1 1 17 1 6 6 0 16 24 0 11 11 0 3.18026 0 0 0 0 1
1 2 1 3 4 4 1 7 2 6 6 6 16 24 16 11 11 11 66.99965 0 0 0 0 1
1 2 0 3 4 1 1 7 1 6 6 0 16 24 0 11 11 0 8.49975 0 0 0 0 1
1 2 1 3 4 4 1 7 2 6 6 6 16 24 16 11 11 11 19.49961 0 0 0 0 1
1 2 0 3 4 1 1 7 1 6 6 0 16 24 0 11 11 0 1.60549 1 0 0 0 1
1 2 2 3 4 4 1 7 0 6 6 6 16 24 24 11 11 11 23.64821 0 0 0 0 1
1 2 2 3 4 4 1 2 0 6 6 6 16 16 24 11 11 11 8.7016 0 0 0 0 1
1 2 1 3 4 4 2 7 2 6 6 6 16 24 16 11 11 11 2.83633 1 0 0 0 1
1 2 0 3 4 1 2 0 1 6 6 0 16 24 0 11 11 0 3.90179 0 0 0 0 1
2 1 2 3 4 4 1 2 0 6 6 6 16 16 24 11 11 11 122.24754 0 0 0 0 1
2 1 2 3 4 4 1 41 2 6 6 6 16 24 16 11 11 11 2.74937 1 0 0 0 1
2 1 1 3 4 4 2 0 2 6 6 6 16 24 16 11 11 11 1253.46232 0 0 0 0 1
1 1 2 3 4 4 0 2 0 6 6 6 24 16 24 11 11 11 418.57899 0 0 0 1 1
1 0 0 3 1 1 0 1 1 6 0 0 24 0 0 11 0 0 1.88017 1 0 0 1 1
1 2 2 3 4 4 1 7 2 6 6 6 16 24 16 11 11 11 1090.99969 0 0 0 0 1
1 2 1 3 4 4 1 7 0 6 6 6 16 24 24 11 11 11 412.26275 0 0 0 0 1
1 2 2 2 3 3 1 0 2 6 6 6 16 24 16 37 37 37 240.6905 0 0 0 0 1
1 2 0 2 3 1 1 2 1 6 6 0 16 17 0 37 37 0 250.96518 0 0 0 0 1
1 2 2 3 4 4 1 7 2 6 6 6 16 24 16 11 11 11 286.82602 0 0 0 0 1
1 2 0 3 4 1 1 7 1 6 6 0 16 24 0 11 11 0 27.49986 0 0 0 0 1
1 2 1 3 4 4 2 7 3 6 6 6 16 24 16 11 11 11 108.99945 0 0 0 0 1
1 2 0 3 4 1 1 7 1 6 6 0 16 24 0 11 11 0 3.49973 0 0 0 0 1
1 2 1 3 4 4 1 7 2 6 6 6 16 24 16 11 11 11 4.99034 0 0 0 0 1
1 2 0 3 4 1 1 0 1 6 6 0 16 24 0 11 11 0 27.49987 0 0 0 0 1
2 1 1 3 4 4 1 17 2 6 6 6 16 24 16 11 11 11 7.88529 0 0 0 0 1
1 2 1 3 4 4 1 7 2 6 6 6 16 24 16 11 11 11 20.49963 0 0 0 0 1
1 2 1 3 4 4 2 7 2 6 6 6 16 24 16 11 11 11 175.5857 0 0 0 0 1
1 2 0 3 4 1 1 7 1 6 6 0 16 24 0 11 11 0 4.49982 0 0 0 0 1
1 2 1 3 4 4 1 7 2 6 6 6 16 24 16 11 11 11 1.53706 1 0 0 0 1
2 1 0 3 4 1 1 17 1 6 6 0 16 24 0 11 11 0 9.08951 0 0 0 0 1
1 2 1 3 4 4 1 7 2 6 6 6 16 24 16 11 11 11 2.44187 1 0 0 0 1
1 2 1 3 4 4 1 7 2 6 6 6 16 24 16 11 11 11 64.97872 0 0 0 0 1
2 1 2 3 4 4 1 2 0 6 6 6 16 16 24 11 11 11 9.94533 0 0 0 0 1
1 2 0 3 4 1 1 7 1 6 6 0 16 24 0 11 11 0 5.49981 0 0 0 0 1
1 2 2 3 4 4 0 4 2 6 6 6 24 24 16 11 11 11 1.60199 1 0 0 1 1
1 1 2 3 4 4 0 2 12 6 6 6 24 16 24 11 11 11 1.55027 1 0 0 1 1
2 1 2 3 4 4 1 2 0 6 6 6 16 16 24 11 11 11 873.85278 0 0 0 0 1
2 2 2 3 4 4 0 24 0 6 6 6 16 16 24 11 11 11 822.15857 0 0 0 0 1
1 1 0 3 4 1 2 3 1 6 6 0 2 2 0 11 11 0 1.55112 1 1 0 0 1
